%time,field.role,field.id,field.local_time,field.system_time,field.voltage,field.pos_3d0,field.pos_3d1,field.pos_3d2,field.eop_3d0,field.eop_3d1,field.eop_3d2,field.vel_3d0,field.vel_3d1,field.vel_3d2,field.angle_3d0,field.angle_3d1,field.angle_3d2,field.quaternion0,field.quaternion1,field.quaternion2,field.quaternion3,field.imu_gyro_3d0,field.imu_gyro_3d1,field.imu_gyro_3d2,field.imu_acc_3d0,field.imu_acc_3d1,field.imu_acc_3d2,field.nodes0.role,field.nodes0.id,field.nodes0.dis,field.nodes0.fp_rssi,field.nodes0.rx_rssi
1702028661456321204,0,0,121098,121098,4.954999923706055,1.0,1.0,1.0,0.0,0.0,0.0,-9.999999747378752e-05,0.0,0.0,0.0,0.0,0.0,1.0,0.0,0.0,0.0,0.0,0.0,0.0,0.0,0.0,0.0,0,1,0.01600000075995922,-81.0,-77.5
1702028661476364672,0,0,121118,121118,4.954999923706055,1.0,1.0,1.0,0.0,0.0,0.0,-9.999999747378752e-05,0.0,0.0,0.0,0.0,0.0,1.0,0.0,0.0,0.0,0.0,0.0,0.0,0.0,0.0,0.0,0,1,0.02500000037252903,-80.5,-76.5
1702028661496302946,0,0,121138,121138,4.954999923706055,1.0,1.0,1.0,0.0,0.0,0.0,-9.999999747378752e-05,0.0,0.0,0.0,0.0,0.0,1.0,0.0,0.0,0.0,0.0,0.0,0.0,0.0,0.0,0.0
1702028661516341126,0,0,121158,121158,4.954999923706055,1.0,1.0,1.0,0.0,0.0,0.0,-9.999999747378752e-05,0.0,0.0,0.0,0.0,0.0,1.0,0.0,0.0,0.0,0.0,0.0,0.0,0.0,0.0,0.0,0,1,0.039000000804662704,-81.5,-76.0
1702028661536383618,0,0,121178,121178,4.954999923706055,1.0,1.0,1.0,0.0,0.0,0.0,-9.999999747378752e-05,0.0,0.0,0.0,0.0,0.0,1.0,0.0,0.0,0.0,0.0,0.0,0.0,0.0,0.0,0.0,0,1,0.05000000074505806,-81.5,-77.0
1702028661556307368,0,0,121198,121198,4.954999923706055,1.0,1.0,1.0,0.0,0.0,0.0,-9.999999747378752e-05,0.0,0.0,0.0,0.0,0.0,1.0,0.0,0.0,0.0,0.0,0.0,0.0,0.0,0.0,0.0,0,1,0.04899999871850014,-81.0,-77.0
1702028661576301243,0,0,121218,121218,4.956999778747559,1.0,1.0,1.0,0.0,0.0,0.0,-9.999999747378752e-05,0.0,0.0,0.0,0.0,0.0,1.0,0.0,0.0,0.0,0.0,0.0,0.0,0.0,0.0,0.0,0,1,0.05999999865889549,-80.5,-76.5
1702028661596239075,0,0,121238,121238,4.956999778747559,1.0,1.0,1.0,0.0,0.0,0.0,-9.999999747378752e-05,0.0,0.0,0.0,0.0,0.0,1.0,0.0,0.0,0.0,0.0,0.0,0.0,0.0,0.0,0.0,0,1,0.020999999716877937,-81.5,-76.0
1702028661616311330,0,0,121258,121258,4.956999778747559,1.0,1.0,1.0,0.0,0.0,0.0,-9.999999747378752e-05,0.0,0.0,0.0,0.0,0.0,1.0,0.0,0.0,0.0,0.0,0.0,0.0,0.0,0.0,0.0,0,1,0.05400000140070915,-81.0,-76.5
1702028661636384060,0,0,121278,121278,4.956999778747559,1.0,1.0,1.0,0.0,0.0,0.0,-9.999999747378752e-05,0.0,0.0,0.0,0.0,0.0,1.0,0.0,0.0,0.0,0.0,0.0,0.0,0.0,0.0,0.0,0,1,0.057999998331069946,-81.5,-77.5
1702028661656310518,0,0,121298,121298,4.956999778747559,1.0,1.0,1.0,0.0,0.0,0.0,-9.999999747378752e-05,0.0,0.0,0.0,0.0,0.0,1.0,0.0,0.0,0.0,0.0,0.0,0.0,0.0,0.0,0.0,0,1,0.05400000140070915,-81.5,-77.5
1702028661676310021,0,0,121318,121318,4.956999778747559,1.0,1.0,1.0,0.0,0.0,0.0,-9.999999747378752e-05,0.0,0.0,0.0,0.0,0.0,1.0,0.0,0.0,0.0,0.0,0.0,0.0,0.0,0.0,0.0,0,1,0.007000000216066837,-81.0,-76.5
1702028661696399634,0,0,121338,121338,4.954999923706055,1.0,1.0,1.0,0.0,0.0,0.0,-9.999999747378752e-05,0.0,0.0,0.0,0.0,0.0,1.0,0.0,0.0,0.0,0.0,0.0,0.0,0.0,0.0,0.0,0,1,0.028999999165534973,-80.0,-76.5
1702028661716334861,0,0,121358,121358,4.954999923706055,1.0,1.0,1.0,0.0,0.0,0.0,-9.999999747378752e-05,0.0,0.0,0.0,0.0,0.0,1.0,0.0,0.0,0.0,0.0,0.0,0.0,0.0,0.0,0.0
1702028661736421623,0,0,121378,121378,4.954999923706055,1.0,1.0,1.0,0.0,0.0,0.0,-9.999999747378752e-05,0.0,0.0,0.0,0.0,0.0,1.0,0.0,0.0,0.0,0.0,0.0,0.0,0.0,0.0,0.0,0,1,0.05400000140070915,-81.5,-76.5
1702028661756399085,0,0,121398,121398,4.954999923706055,1.0,1.0,1.0,0.0,0.0,0.0,-9.999999747378752e-05,0.0,0.0,0.0,0.0,0.0,1.0,0.0,0.0,0.0,0.0,0.0,0.0,0.0,0.0,0.0,0,1,0.014000000432133675,-82.5,-76.5
1702028661776295117,0,0,121418,121418,4.954999923706055,1.0,1.0,1.0,0.0,0.0,0.0,-9.999999747378752e-05,0.0,0.0,0.0,0.0,0.0,1.0,0.0,0.0,0.0,0.0,0.0,0.0,0.0,0.0,0.0,0,1,0.04899999871850014,-81.5,-77.0
1702028661796368445,0,0,121438,121438,4.954999923706055,1.0,1.0,1.0,0.0,0.0,0.0,-9.999999747378752e-05,0.0,0.0,0.0,0.0,0.0,1.0,0.0,0.0,0.0,0.0,0.0,0.0,0.0,0.0,0.0
1702028661816322417,0,0,121458,121458,4.954999923706055,1.0,1.0,1.0,0.0,0.0,0.0,-9.999999747378752e-05,0.0,0.0,0.0,0.0,0.0,1.0,0.0,0.0,0.0,0.0,0.0,0.0,0.0,0.0,0.0,0,1,0.07900000363588333,-80.5,-76.5
1702028661836319081,0,0,121478,121478,4.954999923706055,1.0,1.0,1.0,0.0,0.0,0.0,-9.999999747378752e-05,0.0,0.0,0.0,0.0,0.0,1.0,0.0,0.0,0.0,0.0,0.0,0.0,0.0,0.0,0.0,0,1,0.004999999888241291,-80.0,-76.5
1702028661856302794,0,0,121498,121498,4.954999923706055,1.0,1.0,1.0,0.0,0.0,0.0,-9.999999747378752e-05,0.0,0.0,0.0,0.0,0.0,1.0,0.0,0.0,0.0,0.0,0.0,0.0,0.0,0.0,0.0,0,1,0.05999999865889549,-80.5,-76.0
1702028661876386655,0,0,121518,121518,4.954999923706055,1.0,1.0,1.0,0.0,0.0,0.0,-9.999999747378752e-05,0.0,0.0,0.0,0.0,0.0,1.0,0.0,0.0,0.0,0.0,0.0,0.0,0.0,0.0,0.0
1702028661896394128,0,0,121538,121538,4.954999923706055,1.0,1.0,1.0,0.0,0.0,0.0,-9.999999747378752e-05,0.0,0.0,0.0,0.0,0.0,1.0,0.0,0.0,0.0,0.0,0.0,0.0,0.0,0.0,0.0,0,1,0.05700000002980232,-81.5,-76.0
1702028661916393407,0,0,121558,121558,4.954999923706055,1.0,1.0,1.0,0.0,0.0,0.0,-9.999999747378752e-05,0.0,0.0,0.0,0.0,0.0,1.0,0.0,0.0,0.0,0.0,0.0,0.0,0.0,0.0,0.0,0,1,0.039000000804662704,-81.0,-76.5
1702028661936265763,0,0,121578,121578,4.954999923706055,1.0,1.0,1.0,0.0,0.0,0.0,-9.999999747378752e-05,0.0,0.0,0.0,0.0,0.0,1.0,0.0,0.0,0.0,0.0,0.0,0.0,0.0,0.0,0.0,0,1,0.05700000002980232,-81.5,-77.5
1702028661956161901,0,0,121598,121598,4.954999923706055,1.0,1.0,1.0,0.0,0.0,0.0,-9.999999747378752e-05,0.0,0.0,0.0,0.0,0.0,1.0,0.0,0.0,0.0,0.0,0.0,0.0,0.0,0.0,0.0,0,1,0.057999998331069946,-81.0,-77.0
1702028661976310811,0,0,121618,121618,4.954999923706055,1.0,1.0,1.0,0.0,0.0,0.0,-9.999999747378752e-05,0.0,0.0,0.0,0.0,0.0,1.0,0.0,0.0,0.0,0.0,0.0,0.0,0.0,0.0,0.0,0,1,0.032999999821186066,-81.0,-76.5
1702028661996396094,0,0,121638,121638,4.954999923706055,1.0,1.0,1.0,0.0,0.0,0.0,-9.999999747378752e-05,0.0,0.0,0.0,0.0,0.0,1.0,0.0,0.0,0.0,0.0,0.0,0.0,0.0,0.0,0.0
1702028662016295253,0,0,121658,121658,4.954999923706055,1.0,1.0,1.0,0.0,0.0,0.0,-9.999999747378752e-05,0.0,0.0,0.0,0.0,0.0,1.0,0.0,0.0,0.0,0.0,0.0,0.0,0.0,0.0,0.0
1702028662036329105,0,0,121678,121678,4.954999923706055,1.0,1.0,1.0,0.0,0.0,0.0,-9.999999747378752e-05,0.0,0.0,0.0,0.0,0.0,1.0,0.0,0.0,0.0,0.0,0.0,0.0,0.0,0.0,0.0,0,1,0.054999999701976776,-81.5,-76.5
1702028662056393191,0,0,121698,121698,4.956999778747559,1.0,1.0,1.0,0.0,0.0,0.0,-9.999999747378752e-05,0.0,0.0,0.0,0.0,0.0,1.0,0.0,0.0,0.0,0.0,0.0,0.0,0.0,0.0,0.0,0,1,0.014000000432133675,-82.5,-77.0
1702028662076332150,0,0,121718,121718,4.956999778747559,1.0,1.0,1.0,0.0,0.0,0.0,-9.999999747378752e-05,0.0,0.0,0.0,0.0,0.0,1.0,0.0,0.0,0.0,0.0,0.0,0.0,0.0,0.0,0.0,0,1,0.05400000140070915,-81.5,-77.5
1702028662096355843,0,0,121738,121738,4.956999778747559,1.0,1.0,1.0,0.0,0.0,0.0,-9.999999747378752e-05,0.0,0.0,0.0,0.0,0.0,1.0,0.0,0.0,0.0,0.0,0.0,0.0,0.0,0.0,0.0
1702028662116414137,0,0,121758,121758,4.956999778747559,1.0,1.0,1.0,0.0,0.0,0.0,-9.999999747378752e-05,0.0,0.0,0.0,0.0,0.0,1.0,0.0,0.0,0.0,0.0,0.0,0.0,0.0,0.0,0.0
1702028662136288237,0,0,121778,121778,4.956999778747559,1.0,1.0,1.0,0.0,0.0,0.0,-9.999999747378752e-05,0.0,0.0,0.0,0.0,0.0,1.0,0.0,0.0,0.0,0.0,0.0,0.0,0.0,0.0,0.0,0,1,0.013000000268220901,-80.0,-76.5
1702028662156389398,0,0,121798,121798,4.956999778747559,1.0,1.0,1.0,0.0,0.0,0.0,-9.999999747378752e-05,0.0,0.0,0.0,0.0,0.0,1.0,0.0,0.0,0.0,0.0,0.0,0.0,0.0,0.0,0.0
1702028662176429528,0,0,121818,121818,4.956999778747559,1.0,1.0,1.0,0.0,0.0,0.0,-9.999999747378752e-05,0.0,0.0,0.0,0.0,0.0,1.0,0.0,0.0,0.0,0.0,0.0,0.0,0.0,0.0,0.0,0,1,0.08500000089406967,-81.5,-77.0
1702028662196403263,0,0,121838,121838,4.956999778747559,1.0,1.0,1.0,0.0,0.0,0.0,-9.999999747378752e-05,0.0,0.0,0.0,0.0,0.0,1.0,0.0,0.0,0.0,0.0,0.0,0.0,0.0,0.0,0.0,0,1,0.07100000232458115,-82.0,-77.5
1702028662216310583,0,0,121858,121858,4.956999778747559,1.0,1.0,1.0,0.0,0.0,0.0,-9.999999747378752e-05,0.0,0.0,0.0,0.0,0.0,1.0,0.0,0.0,0.0,0.0,0.0,0.0,0.0,0.0,0.0,0,1,0.004999999888241291,-80.5,-77.0
1702028662236391819,0,0,121878,121878,4.956999778747559,1.0,1.0,1.0,0.0,0.0,0.0,-9.999999747378752e-05,0.0,0.0,0.0,0.0,0.0,1.0,0.0,0.0,0.0,0.0,0.0,0.0,0.0,0.0,0.0,0,1,0.04699999839067459,-80.5,-76.5
1702028662256344078,0,0,121898,121898,4.956999778747559,1.0,1.0,1.0,0.0,0.0,0.0,-9.999999747378752e-05,0.0,0.0,0.0,0.0,0.0,1.0,0.0,0.0,0.0,0.0,0.0,0.0,0.0,0.0,0.0
1702028662276334605,0,0,121918,121918,4.956999778747559,1.0,1.0,1.0,0.0,0.0,0.0,-9.999999747378752e-05,0.0,0.0,0.0,0.0,0.0,1.0,0.0,0.0,0.0,0.0,0.0,0.0,0.0,0.0,0.0,0,1,0.05999999865889549,-81.0,-76.0
1702028662296361979,0,0,121938,121938,4.954999923706055,1.0,1.0,1.0,0.0,0.0,0.0,-9.999999747378752e-05,0.0,0.0,0.0,0.0,0.0,1.0,0.0,0.0,0.0,0.0,0.0,0.0,0.0,0.0,0.0,0,1,0.029999999329447746,-80.5,-76.5
1702028662316398863,0,0,121958,121958,4.954999923706055,1.0,1.0,1.0,0.0,0.0,0.0,-9.999999747378752e-05,0.0,0.0,0.0,0.0,0.0,1.0,0.0,0.0,0.0,0.0,0.0,0.0,0.0,0.0,0.0,0,1,0.06800000369548798,-81.0,-76.5
1702028662336302715,0,0,121978,121978,4.954999923706055,1.0,1.0,1.0,0.0,0.0,0.0,-9.999999747378752e-05,0.0,0.0,0.0,0.0,0.0,1.0,0.0,0.0,0.0,0.0,0.0,0.0,0.0,0.0,0.0,0,1,0.07500000298023224,-81.5,-76.5
1702028662356386003,0,0,121998,121998,4.954999923706055,1.0,1.0,1.0,0.0,0.0,0.0,-9.999999747378752e-05,0.0,0.0,0.0,0.0,0.0,1.0,0.0,0.0,0.0,0.0,0.0,0.0,0.0,0.0,0.0,0,1,0.014000000432133675,-82.5,-77.5
1702028662376366153,0,0,122018,122018,4.954999923706055,1.0,1.0,1.0,0.0,0.0,0.0,-9.999999747378752e-05,0.0,0.0,0.0,0.0,0.0,1.0,0.0,0.0,0.0,0.0,0.0,0.0,0.0,0.0,0.0,0,1,0.05700000002980232,-81.5,-77.5
1702028662396390509,0,0,122038,122038,4.954999923706055,1.0,1.0,1.0,0.0,0.0,0.0,-9.999999747378752e-05,0.0,0.0,0.0,0.0,0.0,1.0,0.0,0.0,0.0,0.0,0.0,0.0,0.0,0.0,0.0,0,1,0.032999999821186066,-81.0,-77.0
1702028662416373904,0,0,122058,122058,4.954999923706055,1.0,1.0,1.0,0.0,0.0,0.0,-9.999999747378752e-05,0.0,0.0,0.0,0.0,0.0,1.0,0.0,0.0,0.0,0.0,0.0,0.0,0.0,0.0,0.0,0,1,0.04600000008940697,-81.0,-77.0
1702028662436380669,0,0,122078,122078,4.954999923706055,1.0,1.0,1.0,0.0,0.0,0.0,-9.999999747378752e-05,0.0,0.0,0.0,0.0,0.0,1.0,0.0,0.0,0.0,0.0,0.0,0.0,0.0,0.0,0.0,0,1,0.0,-80.0,-76.5
1702028662456396106,0,0,122098,122098,4.954999923706055,1.0,1.0,1.0,0.0,0.0,0.0,-9.999999747378752e-05,0.0,0.0,0.0,0.0,0.0,1.0,0.0,0.0,0.0,0.0,0.0,0.0,0.0,0.0,0.0
1702028662476294260,0,0,122118,122118,4.954999923706055,1.0,1.0,1.0,0.0,0.0,0.0,-9.999999747378752e-05,0.0,0.0,0.0,0.0,0.0,1.0,0.0,0.0,0.0,0.0,0.0,0.0,0.0,0.0,0.0
1702028662496291554,0,0,122138,122138,4.954999923706055,1.0,1.0,1.0,0.0,0.0,0.0,-9.999999747378752e-05,0.0,0.0,0.0,0.0,0.0,1.0,0.0,0.0,0.0,0.0,0.0,0.0,0.0,0.0,0.0,0,1,0.032999999821186066,-81.5,-76.5
1702028662516289879,0,0,122158,122158,4.954999923706055,1.0,1.0,1.0,0.0,0.0,0.0,-9.999999747378752e-05,0.0,0.0,0.0,0.0,0.0,1.0,0.0,0.0,0.0,0.0,0.0,0.0,0.0,0.0,0.0,0,1,0.02500000037252903,-81.0,-76.5
1702028662536402142,0,0,122178,122178,4.953999996185303,1.0,1.0,1.0,0.0,0.0,0.0,-9.999999747378752e-05,0.0,0.0,0.0,0.0,0.0,1.0,0.0,0.0,0.0,0.0,0.0,0.0,0.0,0.0,0.0,0,1,0.054999999701976776,-81.5,-77.0
1702028662556368681,0,0,122198,122198,4.953999996185303,1.0,1.0,1.0,0.0,0.0,0.0,-9.999999747378752e-05,0.0,0.0,0.0,0.0,0.0,1.0,0.0,0.0,0.0,0.0,0.0,0.0,0.0,0.0,0.0,0,1,0.04699999839067459,-81.5,-77.5
1702028662576311409,0,0,122218,122218,4.953999996185303,1.0,1.0,1.0,0.0,0.0,0.0,-9.999999747378752e-05,0.0,0.0,0.0,0.0,0.0,1.0,0.0,0.0,0.0,0.0,0.0,0.0,0.0,0.0,0.0,0,1,0.017999999225139618,-81.0,-76.5
1702028662596368278,0,0,122238,122238,4.953999996185303,1.0,1.0,1.0,0.0,0.0,0.0,-9.999999747378752e-05,0.0,0.0,0.0,0.0,0.0,1.0,0.0,0.0,0.0,0.0,0.0,0.0,0.0,0.0,0.0,0,1,0.0,-80.5,-77.0
1702028662616269356,0,0,122258,122258,4.953999996185303,1.0,1.0,1.0,0.0,0.0,0.0,-9.999999747378752e-05,0.0,0.0,0.0,0.0,0.0,1.0,0.0,0.0,0.0,0.0,0.0,0.0,0.0,0.0,0.0,0,1,0.05999999865889549,-80.0,-76.0
1702028662636295574,0,0,122278,122278,4.953999996185303,1.0,1.0,1.0,0.0,0.0,0.0,-9.999999747378752e-05,0.0,0.0,0.0,0.0,0.0,1.0,0.0,0.0,0.0,0.0,0.0,0.0,0.0,0.0,0.0,0,1,0.10199999809265137,-80.5,-76.5
1702028662656306342,0,0,122298,122298,4.956999778747559,1.0,1.0,1.0,0.0,0.0,0.0,-9.999999747378752e-05,0.0,0.0,0.0,0.0,0.0,1.0,0.0,0.0,0.0,0.0,0.0,0.0,0.0,0.0,0.0,0,1,0.027000000700354576,-81.5,-76.0
1702028662676290269,0,0,122318,122318,4.956999778747559,1.0,1.0,1.0,0.0,0.0,0.0,-9.999999747378752e-05,0.0,0.0,0.0,0.0,0.0,1.0,0.0,0.0,0.0,0.0,0.0,0.0,0.0,0.0,0.0,0,1,0.04899999871850014,-80.5,-76.5
1702028662696300939,0,0,122338,122338,4.956999778747559,1.0,1.0,1.0,0.0,0.0,0.0,-9.999999747378752e-05,0.0,0.0,0.0,0.0,0.0,1.0,0.0,0.0,0.0,0.0,0.0,0.0,0.0,0.0,0.0,0,1,0.05700000002980232,-81.5,-76.5
1702028662716310297,0,0,122358,122358,4.956999778747559,1.0,1.0,1.0,0.0,0.0,0.0,-9.999999747378752e-05,0.0,0.0,0.0,0.0,0.0,1.0,0.0,0.0,0.0,0.0,0.0,0.0,0.0,0.0,0.0,0,1,0.057999998331069946,-81.5,-77.5
1702028662736344924,0,0,122378,122378,4.956999778747559,1.0,1.0,1.0,0.0,0.0,0.0,-9.999999747378752e-05,0.0,0.0,0.0,0.0,0.0,1.0,0.0,0.0,0.0,0.0,0.0,0.0,0.0,0.0,0.0,0,1,0.0,-81.5,-76.5
1702028662756318414,0,0,122398,122398,4.956999778747559,1.0,1.0,1.0,0.0,0.0,0.0,-9.999999747378752e-05,0.0,0.0,0.0,0.0,0.0,1.0,0.0,0.0,0.0,0.0,0.0,0.0,0.0,0.0,0.0
1702028662776501923,0,0,122418,122418,4.956999778747559,1.0,1.0,1.0,0.0,0.0,0.0,-9.999999747378752e-05,0.0,0.0,0.0,0.0,0.0,1.0,0.0,0.0,0.0,0.0,0.0,0.0,0.0,0.0,0.0
1702028662796435245,0,0,122438,122438,4.956999778747559,1.0,1.0,1.0,0.0,0.0,0.0,-9.999999747378752e-05,0.0,0.0,0.0,0.0,0.0,1.0,0.0,0.0,0.0,0.0,0.0,0.0,0.0,0.0,0.0,0,1,0.05700000002980232,-82.0,-76.5
1702028662816403692,0,0,122458,122458,4.956999778747559,1.0,1.0,1.0,0.0,0.0,0.0,-9.999999747378752e-05,0.0,0.0,0.0,0.0,0.0,1.0,0.0,0.0,0.0,0.0,0.0,0.0,0.0,0.0,0.0,0,1,0.01600000075995922,-82.5,-77.5
1702028662836391675,0,0,122478,122478,4.956999778747559,1.0,1.0,1.0,0.0,0.0,0.0,-9.999999747378752e-05,0.0,0.0,0.0,0.0,0.0,1.0,0.0,0.0,0.0,0.0,0.0,0.0,0.0,0.0,0.0,0,1,0.032999999821186066,-81.0,-77.0
1702028662856560604,0,0,122498,122498,4.956999778747559,1.0,1.0,1.0,0.0,0.0,0.0,-9.999999747378752e-05,0.0,0.0,0.0,0.0,0.0,1.0,0.0,0.0,0.0,0.0,0.0,0.0,0.0,0.0,0.0
1702028662876300644,0,0,122518,122518,4.956999778747559,1.0,1.0,1.0,0.0,0.0,0.0,-9.999999747378752e-05,0.0,0.0,0.0,0.0,0.0,1.0,0.0,0.0,0.0,0.0,0.0,0.0,0.0,0.0,0.0,0,1,0.06800000369548798,-81.0,-76.5
1702028662896295749,0,0,122538,122538,4.956999778747559,1.0,1.0,1.0,0.0,0.0,0.0,-9.999999747378752e-05,0.0,0.0,0.0,0.0,0.0,1.0,0.0,0.0,0.0,0.0,0.0,0.0,0.0,0.0,0.0,0,1,0.028999999165534973,-80.0,-76.5
1702028662916297310,0,0,122558,122558,4.956999778747559,1.0,1.0,1.0,0.0,0.0,0.0,-9.999999747378752e-05,0.0,0.0,0.0,0.0,0.0,1.0,0.0,0.0,0.0,0.0,0.0,0.0,0.0,0.0,0.0,0,1,0.04399999976158142,-80.5,-76.5
1702028662936376939,0,0,122578,122578,4.956999778747559,1.0,1.0,1.0,0.0,0.0,0.0,-9.999999747378752e-05,0.0,0.0,0.0,0.0,0.0,1.0,0.0,0.0,0.0,0.0,0.0,0.0,0.0,0.0,0.0,0,1,0.07400000095367432,-82.0,-76.5
1702028662956353576,0,0,122598,122598,4.956999778747559,1.0,1.0,1.0,0.0,0.0,0.0,-9.999999747378752e-05,0.0,0.0,0.0,0.0,0.0,1.0,0.0,0.0,0.0,0.0,0.0,0.0,0.0,0.0,0.0,0,1,0.03200000151991844,-82.0,-77.0
1702028662976319776,0,0,122618,122618,4.956999778747559,1.0,1.0,1.0,0.0,0.0,0.0,-9.999999747378752e-05,0.0,0.0,0.0,0.0,0.0,1.0,0.0,0.0,0.0,0.0,0.0,0.0,0.0,0.0,0.0,0,1,0.04899999871850014,-81.5,-77.5
1702028662996366874,0,0,122638,122638,4.956999778747559,1.0,1.0,1.0,0.0,0.0,0.0,-9.999999747378752e-05,0.0,0.0,0.0,0.0,0.0,1.0,0.0,0.0,0.0,0.0,0.0,0.0,0.0,0.0,0.0,0,1,0.0430000014603138,-81.0,-77.0
1702028663016298620,0,0,122658,122658,4.956999778747559,1.0,1.0,1.0,0.0,0.0,0.0,-9.999999747378752e-05,0.0,0.0,0.0,0.0,0.0,1.0,0.0,0.0,0.0,0.0,0.0,0.0,0.0,0.0,0.0,0,1,0.07199999690055847,-81.0,-77.0
1702028663036359153,0,0,122678,122678,4.956999778747559,1.0,1.0,1.0,0.0,0.0,0.0,-9.999999747378752e-05,0.0,0.0,0.0,0.0,0.0,1.0,0.0,0.0,0.0,0.0,0.0,0.0,0.0,0.0,0.0,0,1,0.0,-81.5,-76.5
1702028663056303488,0,0,122698,122698,4.956999778747559,1.0,1.0,1.0,0.0,0.0,0.0,-9.999999747378752e-05,0.0,0.0,0.0,0.0,0.0,1.0,0.0,0.0,0.0,0.0,0.0,0.0,0.0,0.0,0.0,0,1,0.03200000151991844,-80.0,-76.5
1702028663076301480,0,0,122718,122718,4.956999778747559,1.0,1.0,1.0,0.0,0.0,0.0,-9.999999747378752e-05,0.0,0.0,0.0,0.0,0.0,1.0,0.0,0.0,0.0,0.0,0.0,0.0,0.0,0.0,0.0
1702028663096299070,0,0,122738,122738,4.956999778747559,1.0,1.0,1.0,0.0,0.0,0.0,-9.999999747378752e-05,0.0,0.0,0.0,0.0,0.0,1.0,0.0,0.0,0.0,0.0,0.0,0.0,0.0,0.0,0.0
1702028663116335474,0,0,122758,122758,4.956999778747559,1.0,1.0,1.0,0.0,0.0,0.0,-9.999999747378752e-05,0.0,0.0,0.0,0.0,0.0,1.0,0.0,0.0,0.0,0.0,0.0,0.0,0.0,0.0,0.0,0,1,0.01600000075995922,-81.5,-76.0
1702028663136289544,0,0,122778,122778,4.956999778747559,1.0,1.0,1.0,0.0,0.0,0.0,-9.999999747378752e-05,0.0,0.0,0.0,0.0,0.0,1.0,0.0,0.0,0.0,0.0,0.0,0.0,0.0,0.0,0.0,0,1,0.06599999964237213,-81.0,-76.5
1702028663156295815,0,0,122798,122798,4.956999778747559,1.0,1.0,1.0,0.0,0.0,0.0,-9.999999747378752e-05,0.0,0.0,0.0,0.0,0.0,1.0,0.0,0.0,0.0,0.0,0.0,0.0,0.0,0.0,0.0,0,1,0.07699999958276749,-82.0,-77.0
1702028663176300345,0,0,122818,122818,4.956999778747559,1.0,1.0,1.0,0.0,0.0,0.0,-9.999999747378752e-05,0.0,0.0,0.0,0.0,0.0,1.0,0.0,0.0,0.0,0.0,0.0,0.0,0.0,0.0,0.0,0,1,0.039000000804662704,-81.5,-77.0
1702028663196340418,0,0,122838,122838,4.956999778747559,1.0,1.0,1.0,0.0,0.0,0.0,-9.999999747378752e-05,0.0,0.0,0.0,0.0,0.0,1.0,0.0,0.0,0.0,0.0,0.0,0.0,0.0,0.0,0.0,0,1,0.0,-80.5,-77.0
1702028663216303340,0,0,122858,122858,4.956999778747559,1.0,1.0,1.0,0.0,0.0,0.0,-9.999999747378752e-05,0.0,0.0,0.0,0.0,0.0,1.0,0.0,0.0,0.0,0.0,0.0,0.0,0.0,0.0,0.0,0,1,0.07699999958276749,-80.0,-76.5
1702028663236297385,0,0,122878,122878,4.956999778747559,1.0,1.0,1.0,0.0,0.0,0.0,-9.999999747378752e-05,0.0,0.0,0.0,0.0,0.0,1.0,0.0,0.0,0.0,0.0,0.0,0.0,0.0,0.0,0.0,0,1,0.09399999678134918,-80.5,-76.5
1702028663256451420,0,0,122898,122898,4.956999778747559,1.0,1.0,1.0,0.0,0.0,0.0,-9.999999747378752e-05,0.0,0.0,0.0,0.0,0.0,1.0,0.0,0.0,0.0,0.0,0.0,0.0,0.0,0.0,0.0
1702028663276370045,0,0,122918,122918,4.956999778747559,1.0,1.0,1.0,0.0,0.0,0.0,-9.999999747378752e-05,0.0,0.0,0.0,0.0,0.0,1.0,0.0,0.0,0.0,0.0,0.0,0.0,0.0,0.0,0.0,0,1,0.01899999938905239,-80.5,-76.5
1702028663296343062,0,0,122938,122938,4.956999778747559,1.0,1.0,1.0,0.0,0.0,0.0,-9.999999747378752e-05,0.0,0.0,0.0,0.0,0.0,1.0,0.0,0.0,0.0,0.0,0.0,0.0,0.0,0.0,0.0,0,1,0.06400000303983688,-81.0,-76.5
1702028663316301451,0,0,122958,122958,4.956999778747559,1.0,1.0,1.0,0.0,0.0,0.0,-9.999999747378752e-05,0.0,0.0,0.0,0.0,0.0,1.0,0.0,0.0,0.0,0.0,0.0,0.0,0.0,0.0,0.0,0,1,0.07199999690055847,-82.0,-77.0
1702028663336306175,0,0,122978,122978,4.956999778747559,1.0,1.0,1.0,0.0,0.0,0.0,-9.999999747378752e-05,0.0,0.0,0.0,0.0,0.0,1.0,0.0,0.0,0.0,0.0,0.0,0.0,0.0,0.0,0.0,0,1,0.028999999165534973,-82.0,-76.5
1702028663356313568,0,0,122998,122998,4.956999778747559,1.0,1.0,1.0,0.0,0.0,0.0,-9.999999747378752e-05,0.0,0.0,0.0,0.0,0.0,1.0,0.0,0.0,0.0,0.0,0.0,0.0,0.0,0.0,0.0,0,1,0.0689999982714653,-81.5,-77.5
1702028663376289665,0,0,123018,123018,4.954999923706055,1.0,1.0,1.0,0.0,0.0,0.0,-9.999999747378752e-05,0.0,0.0,0.0,0.0,0.0,1.0,0.0,0.0,0.0,0.0,0.0,0.0,0.0,0.0,0.0,0,1,0.06400000303983688,-81.5,-77.5
1702028663396381234,0,0,123038,123038,4.954999923706055,1.0,1.0,1.0,0.0,0.0,0.0,-9.999999747378752e-05,0.0,0.0,0.0,0.0,0.0,1.0,0.0,0.0,0.0,0.0,0.0,0.0,0.0,0.0,0.0,0,1,0.0430000014603138,-81.5,-77.5
1702028663417386194,0,0,123058,123058,4.954999923706055,1.0,1.0,1.0,0.0,0.0,0.0,-9.999999747378752e-05,0.0,0.0,0.0,0.0,0.0,1.0,0.0,0.0,0.0,0.0,0.0,0.0,0.0,0.0,0.0,0,1,0.0,-82.5,-77.0
1702028663436368120,0,0,123078,123078,4.954999923706055,1.0,1.0,1.0,0.0,0.0,0.0,-9.999999747378752e-05,0.0,0.0,0.0,0.0,0.0,1.0,0.0,0.0,0.0,0.0,0.0,0.0,0.0,0.0,0.0,0,1,0.05000000074505806,-81.0,-77.0
1702028663456377890,0,0,123098,123098,4.954999923706055,1.0,1.0,1.0,0.0,0.0,0.0,-9.999999747378752e-05,0.0,0.0,0.0,0.0,0.0,1.0,0.0,0.0,0.0,0.0,0.0,0.0,0.0,0.0,0.0,0,1,0.07400000095367432,-80.5,-77.0
1702028663476305124,0,0,123118,123118,4.954999923706055,1.0,1.0,1.0,0.0,0.0,0.0,-9.999999747378752e-05,0.0,0.0,0.0,0.0,0.0,1.0,0.0,0.0,0.0,0.0,0.0,0.0,0.0,0.0,0.0,0,1,0.06400000303983688,-80.5,-76.5
1702028663496313548,0,0,123138,123138,4.956999778747559,1.0,1.0,1.0,0.0,0.0,0.0,-9.999999747378752e-05,0.0,0.0,0.0,0.0,0.0,1.0,0.0,0.0,0.0,0.0,0.0,0.0,0.0,0.0,0.0,0,1,0.004000000189989805,-80.0,-76.5
1702028663516298183,0,0,123158,123158,4.956999778747559,1.0,1.0,1.0,0.0,0.0,0.0,-9.999999747378752e-05,0.0,0.0,0.0,0.0,0.0,1.0,0.0,0.0,0.0,0.0,0.0,0.0,0.0,0.0,0.0,0,1,0.061000000685453415,-80.0,-76.5
1702028663536290096,0,0,123178,123178,4.956999778747559,1.0,1.0,1.0,0.0,0.0,0.0,-9.999999747378752e-05,0.0,0.0,0.0,0.0,0.0,1.0,0.0,0.0,0.0,0.0,0.0,0.0,0.0,0.0,0.0,0,1,0.07999999821186066,-80.5,-76.5
1702028663556400667,0,0,123198,123198,4.956999778747559,1.0,1.0,1.0,0.0,0.0,0.0,-9.999999747378752e-05,0.0,0.0,0.0,0.0,0.0,1.0,0.0,0.0,0.0,0.0,0.0,0.0,0.0,0.0,0.0
1702028663576357256,0,0,123218,123218,4.956999778747559,1.0,1.0,1.0,0.0,0.0,0.0,-9.999999747378752e-05,0.0,0.0,0.0,0.0,0.0,1.0,0.0,0.0,0.0,0.0,0.0,0.0,0.0,0.0,0.0
1702028663596295702,0,0,123238,123238,4.956999778747559,1.0,1.0,1.0,0.0,0.0,0.0,-9.999999747378752e-05,0.0,0.0,0.0,0.0,0.0,1.0,0.0,0.0,0.0,0.0,0.0,0.0,0.0,0.0,0.0
1702028663616365152,0,0,123258,123258,4.954999923706055,1.0,1.0,1.0,0.0,0.0,0.0,-9.999999747378752e-05,0.0,0.0,0.0,0.0,0.0,1.0,0.0,0.0,0.0,0.0,0.0,0.0,0.0,0.0,0.0,0,1,0.07900000363588333,-81.0,-76.5
1702028663636367368,0,0,123278,123278,4.954999923706055,1.0,1.0,1.0,0.0,0.0,0.0,-9.999999747378752e-05,0.0,0.0,0.0,0.0,0.0,1.0,0.0,0.0,0.0,0.0,0.0,0.0,0.0,0.0,0.0,0,1,0.024000000208616257,-82.0,-76.5
1702028663656299707,0,0,123298,123298,4.954999923706055,1.0,1.0,1.0,0.0,0.0,0.0,-9.999999747378752e-05,0.0,0.0,0.0,0.0,0.0,1.0,0.0,0.0,0.0,0.0,0.0,0.0,0.0,0.0,0.0,0,1,0.06400000303983688,-81.5,-77.0
1702028663676390624,0,0,123318,123318,4.954999923706055,1.0,1.0,1.0,0.0,0.0,0.0,-9.999999747378752e-05,0.0,0.0,0.0,0.0,0.0,1.0,0.0,0.0,0.0,0.0,0.0,0.0,0.0,0.0,0.0,0,1,0.054999999701976776,-81.5,-77.5
1702028663696413170,0,0,123338,123338,4.954999923706055,1.0,1.0,1.0,0.0,0.0,0.0,-9.999999747378752e-05,0.0,0.0,0.0,0.0,0.0,1.0,0.0,0.0,0.0,0.0,0.0,0.0,0.0,0.0,0.0,0,1,0.020999999716877937,-81.5,-77.5
1702028663716311200,0,0,123358,123358,4.954999923706055,1.0,1.0,1.0,0.0,0.0,0.0,-9.999999747378752e-05,0.0,0.0,0.0,0.0,0.0,1.0,0.0,0.0,0.0,0.0,0.0,0.0,0.0,0.0,0.0,0,1,0.004999999888241291,-82.0,-77.0
1702028663737404833,0,0,123378,123378,4.954999923706055,1.0,1.0,1.0,0.0,0.0,0.0,-9.999999747378752e-05,0.0,0.0,0.0,0.0,0.0,1.0,0.0,0.0,0.0,0.0,0.0,0.0,0.0,0.0,0.0,0,1,0.03200000151991844,-80.5,-77.0
1702028663756394817,0,0,123398,123398,4.954999923706055,1.0,1.0,1.0,0.0,0.0,0.0,-9.999999747378752e-05,0.0,0.0,0.0,0.0,0.0,1.0,0.0,0.0,0.0,0.0,0.0,0.0,0.0,0.0,0.0,0,1,0.07100000232458115,-80.5,-76.5
1702028663776297490,0,0,123418,123418,4.954999923706055,1.0,1.0,1.0,0.0,0.0,0.0,-9.999999747378752e-05,0.0,0.0,0.0,0.0,0.0,1.0,0.0,0.0,0.0,0.0,0.0,0.0,0.0,0.0,0.0,0,1,0.08500000089406967,-80.5,-76.5
1702028663796363570,0,0,123438,123438,4.954999923706055,1.0,1.0,1.0,0.0,0.0,0.0,-9.999999747378752e-05,0.0,0.0,0.0,0.0,0.0,1.0,0.0,0.0,0.0,0.0,0.0,0.0,0.0,0.0,0.0,0,1,0.028999999165534973,-80.0,-76.5
1702028663816290592,0,0,123458,123458,4.954999923706055,1.0,1.0,1.0,0.0,0.0,0.0,-9.999999747378752e-05,0.0,0.0,0.0,0.0,0.0,1.0,0.0,0.0,0.0,0.0,0.0,0.0,0.0,0.0,0.0
1702028663836297724,0,0,123478,123478,4.954999923706055,1.0,1.0,1.0,0.0,0.0,0.0,-9.999999747378752e-05,0.0,0.0,0.0,0.0,0.0,1.0,0.0,0.0,0.0,0.0,0.0,0.0,0.0,0.0,0.0,0,1,0.08500000089406967,-80.5,-76.5
1702028663856371572,0,0,123498,123498,4.956999778747559,1.0,1.0,1.0,0.0,0.0,0.0,-9.999999747378752e-05,0.0,0.0,0.0,0.0,0.0,1.0,0.0,0.0,0.0,0.0,0.0,0.0,0.0,0.0,0.0,0,1,0.04600000008940697,-82.0,-76.0
1702028663876297452,0,0,123518,123518,4.956999778747559,1.0,1.0,1.0,0.0,0.0,0.0,-9.999999747378752e-05,0.0,0.0,0.0,0.0,0.0,1.0,0.0,0.0,0.0,0.0,0.0,0.0,0.0,0.0,0.0,0,1,0.035999998450279236,-81.5,-77.0
1702028663896373689,0,0,123538,123538,4.956999778747559,1.0,1.0,1.0,0.0,0.0,0.0,-9.999999747378752e-05,0.0,0.0,0.0,0.0,0.0,1.0,0.0,0.0,0.0,0.0,0.0,0.0,0.0,0.0,0.0,0,1,0.0689999982714653,-81.0,-76.5
1702028663916379983,0,0,123558,123558,4.956999778747559,1.0,1.0,1.0,0.0,0.0,0.0,-9.999999747378752e-05,0.0,0.0,0.0,0.0,0.0,1.0,0.0,0.0,0.0,0.0,0.0,0.0,0.0,0.0,0.0,0,1,0.0689999982714653,-82.0,-77.0
1702028663936287368,0,0,123578,123578,4.956999778747559,1.0,1.0,1.0,0.0,0.0,0.0,-9.999999747378752e-05,0.0,0.0,0.0,0.0,0.0,1.0,0.0,0.0,0.0,0.0,0.0,0.0,0.0,0.0,0.0,0,1,0.04100000113248825,-82.0,-77.0
1702028663956298726,0,0,123598,123598,4.956999778747559,1.0,1.0,1.0,0.0,0.0,0.0,-9.999999747378752e-05,0.0,0.0,0.0,0.0,0.0,1.0,0.0,0.0,0.0,0.0,0.0,0.0,0.0,0.0,0.0,0,1,0.032999999821186066,-81.0,-77.5
1702028663976290853,0,0,123618,123618,4.956999778747559,1.0,1.0,1.0,0.0,0.0,0.0,-9.999999747378752e-05,0.0,0.0,0.0,0.0,0.0,1.0,0.0,0.0,0.0,0.0,0.0,0.0,0.0,0.0,0.0,0,1,0.0430000014603138,-81.0,-77.5
1702028663996364801,0,0,123638,123638,4.956999778747559,1.0,1.0,1.0,0.0,0.0,0.0,-9.999999747378752e-05,0.0,0.0,0.0,0.0,0.0,1.0,0.0,0.0,0.0,0.0,0.0,0.0,0.0,0.0,0.0,0,1,0.029999999329447746,-81.0,-77.0
1702028664016374329,0,0,123658,123658,4.956999778747559,1.0,1.0,1.0,0.0,0.0,0.0,-9.999999747378752e-05,0.0,0.0,0.0,0.0,0.0,1.0,0.0,0.0,0.0,0.0,0.0,0.0,0.0,0.0,0.0,0,1,0.01899999938905239,-81.5,-77.0
1702028664036284475,0,0,123678,123678,4.956999778747559,1.0,1.0,1.0,0.0,0.0,0.0,-9.999999747378752e-05,0.0,0.0,0.0,0.0,0.0,1.0,0.0,0.0,0.0,0.0,0.0,0.0,0.0,0.0,0.0,0,1,0.028999999165534973,-80.5,-77.0
1702028664056293458,0,0,123698,123698,4.956999778747559,1.0,1.0,1.0,0.0,0.0,0.0,-9.999999747378752e-05,0.0,0.0,0.0,0.0,0.0,1.0,0.0,0.0,0.0,0.0,0.0,0.0,0.0,0.0,0.0,0,1,0.05400000140070915,-80.0,-76.5
1702028664076300174,0,0,123718,123718,4.956999778747559,1.0,1.0,1.0,0.0,0.0,0.0,-9.999999747378752e-05,0.0,0.0,0.0,0.0,0.0,1.0,0.0,0.0,0.0,0.0,0.0,0.0,0.0,0.0,0.0,0,1,0.0820000022649765,-80.5,-76.5
1702028664096354552,0,0,123738,123738,4.956999778747559,1.0,1.0,1.0,0.0,0.0,0.0,-9.999999747378752e-05,0.0,0.0,0.0,0.0,0.0,1.0,0.0,0.0,0.0,0.0,0.0,0.0,0.0,0.0,0.0,0,1,0.01600000075995922,-80.5,-76.5
1702028664116369897,0,0,123758,123758,4.956999778747559,1.0,1.0,1.0,0.0,0.0,0.0,-9.999999747378752e-05,0.0,0.0,0.0,0.0,0.0,1.0,0.0,0.0,0.0,0.0,0.0,0.0,0.0,0.0,0.0,0,1,0.05999999865889549,-81.0,-76.5
1702028664136283013,0,0,123778,123778,4.956999778747559,1.0,1.0,1.0,0.0,0.0,0.0,-9.999999747378752e-05,0.0,0.0,0.0,0.0,0.0,1.0,0.0,0.0,0.0,0.0,0.0,0.0,0.0,0.0,0.0,0,1,0.07500000298023224,-81.5,-76.5
1702028664156289884,0,0,123798,123798,4.956999778747559,1.0,1.0,1.0,0.0,0.0,0.0,-9.999999747378752e-05,0.0,0.0,0.0,0.0,0.0,1.0,0.0,0.0,0.0,0.0,0.0,0.0,0.0,0.0,0.0
1702028664176367812,0,0,123818,123818,4.956999778747559,1.0,1.0,1.0,0.0,0.0,0.0,-9.999999747378752e-05,0.0,0.0,0.0,0.0,0.0,1.0,0.0,0.0,0.0,0.0,0.0,0.0,0.0,0.0,0.0,0,1,0.013000000268220901,-80.5,-77.0
1702028664196372429,0,0,123838,123838,4.956999778747559,1.0,1.0,1.0,0.0,0.0,0.0,-9.999999747378752e-05,0.0,0.0,0.0,0.0,0.0,1.0,0.0,0.0,0.0,0.0,0.0,0.0,0.0,0.0,0.0
1702028664216368447,0,0,123859,123858,4.956999778747559,1.0,1.0,1.0,0.0,0.0,0.0,-9.999999747378752e-05,0.0,0.0,0.0,0.0,0.0,1.0,0.0,0.0,0.0,0.0,0.0,0.0,0.0,0.0,0.0,0,1,0.07100000232458115,-80.5,-76.5
1702028664236272138,0,0,123879,123878,4.956999778747559,1.0,1.0,1.0,0.0,0.0,0.0,-9.999999747378752e-05,0.0,0.0,0.0,0.0,0.0,1.0,0.0,0.0,0.0,0.0,0.0,0.0,0.0,0.0,0.0
1702028664256375557,0,0,123899,123898,4.956999778747559,1.0,1.0,1.0,0.0,0.0,0.0,-9.999999747378752e-05,0.0,0.0,0.0,0.0,0.0,1.0,0.0,0.0,0.0,0.0,0.0,0.0,0.0,0.0,0.0
1702028664276387587,0,0,123919,123918,4.956999778747559,1.0,1.0,1.0,0.0,0.0,0.0,-9.999999747378752e-05,0.0,0.0,0.0,0.0,0.0,1.0,0.0,0.0,0.0,0.0,0.0,0.0,0.0,0.0,0.0,0,1,0.06400000303983688,-81.0,-76.5
1702028664296314416,0,0,123939,123938,4.956999778747559,1.0,1.0,1.0,0.0,0.0,0.0,-9.999999747378752e-05,0.0,0.0,0.0,0.0,0.0,1.0,0.0,0.0,0.0,0.0,0.0,0.0,0.0,0.0,0.0,0,1,0.07999999821186066,-81.5,-76.5
1702028664316300602,0,0,123959,123958,4.956999778747559,1.0,1.0,1.0,0.0,0.0,0.0,-9.999999747378752e-05,0.0,0.0,0.0,0.0,0.0,1.0,0.0,0.0,0.0,0.0,0.0,0.0,0.0,0.0,0.0,0,1,0.03200000151991844,-82.5,-77.0
1702028664337391933,0,0,123979,123978,4.954999923706055,1.0,1.0,1.0,0.0,0.0,0.0,-9.999999747378752e-05,0.0,0.0,0.0,0.0,0.0,1.0,0.0,0.0,0.0,0.0,0.0,0.0,0.0,0.0,0.0,0,1,0.057999998331069946,-81.5,-77.0
1702028664356305609,0,0,123999,123998,4.954999923706055,1.0,1.0,1.0,0.0,0.0,0.0,-9.999999747378752e-05,0.0,0.0,0.0,0.0,0.0,1.0,0.0,0.0,0.0,0.0,0.0,0.0,0.0,0.0,0.0,0,1,0.04699999839067459,-81.5,-77.5
1702028664376304005,0,0,124019,124018,4.954999923706055,1.0,1.0,1.0,0.0,0.0,0.0,-9.999999747378752e-05,0.0,0.0,0.0,0.0,0.0,1.0,0.0,0.0,0.0,0.0,0.0,0.0,0.0,0.0,0.0,0,1,0.032999999821186066,-81.5,-77.5
1702028664396369707,0,0,124039,124038,4.954999923706055,1.0,1.0,1.0,0.0,0.0,0.0,-9.999999747378752e-05,0.0,0.0,0.0,0.0,0.0,1.0,0.0,0.0,0.0,0.0,0.0,0.0,0.0,0.0,0.0,0,1,0.0,-82.0,-77.5
1702028664416300138,0,0,124059,124058,4.954999923706055,1.0,1.0,1.0,0.0,0.0,0.0,-9.999999747378752e-05,0.0,0.0,0.0,0.0,0.0,1.0,0.0,0.0,0.0,0.0,0.0,0.0,0.0,0.0,0.0,0,1,0.02500000037252903,-81.0,-77.5
1702028664436465695,0,0,124079,124078,4.954999923706055,1.0,1.0,1.0,0.0,0.0,0.0,-9.999999747378752e-05,0.0,0.0,0.0,0.0,0.0,1.0,0.0,0.0,0.0,0.0,0.0,0.0,0.0,0.0,0.0,0,1,0.04100000113248825,-80.5,-76.5
1702028664456470458,0,0,124099,124098,4.956999778747559,1.0,1.0,1.0,0.0,0.0,0.0,-9.999999747378752e-05,0.0,0.0,0.0,0.0,0.0,1.0,0.0,0.0,0.0,0.0,0.0,0.0,0.0,0.0,0.0,0,1,0.04699999839067459,-81.0,-77.0
1702028664476406435,0,0,124119,124118,4.956999778747559,1.0,1.0,1.0,0.0,0.0,0.0,-9.999999747378752e-05,0.0,0.0,0.0,0.0,0.0,1.0,0.0,0.0,0.0,0.0,0.0,0.0,0.0,0.0,0.0,0,1,0.02199999988079071,-80.5,-76.5
1702028664496495027,0,0,124139,124138,4.956999778747559,1.0,1.0,1.0,0.0,0.0,0.0,-9.999999747378752e-05,0.0,0.0,0.0,0.0,0.0,1.0,0.0,0.0,0.0,0.0,0.0,0.0,0.0,0.0,0.0,0,1,0.054999999701976776,-80.5,-76.5
1702028664516475426,0,0,124159,124158,4.956999778747559,1.0,1.0,1.0,0.0,0.0,0.0,-9.999999747378752e-05,0.0,0.0,0.0,0.0,0.0,1.0,0.0,0.0,0.0,0.0,0.0,0.0,0.0,0.0,0.0
1702028664536400002,0,0,124179,124178,4.956999778747559,1.0,1.0,1.0,0.0,0.0,0.0,-9.999999747378752e-05,0.0,0.0,0.0,0.0,0.0,1.0,0.0,0.0,0.0,0.0,0.0,0.0,0.0,0.0,0.0
1702028664556466523,0,0,124199,124198,4.956999778747559,1.0,1.0,1.0,0.0,0.0,0.0,-9.999999747378752e-05,0.0,0.0,0.0,0.0,0.0,1.0,0.0,0.0,0.0,0.0,0.0,0.0,0.0,0.0,0.0
1702028664576490671,0,0,124219,124218,4.956999778747559,1.0,1.0,1.0,0.0,0.0,0.0,-9.999999747378752e-05,0.0,0.0,0.0,0.0,0.0,1.0,0.0,0.0,0.0,0.0,0.0,0.0,0.0,0.0,0.0
1702028664596478583,0,0,124239,124238,4.956999778747559,1.0,1.0,1.0,0.0,0.0,0.0,-9.999999747378752e-05,0.0,0.0,0.0,0.0,0.0,1.0,0.0,0.0,0.0,0.0,0.0,0.0,0.0,0.0,0.0
1702028664616476320,0,0,124259,124258,4.956999778747559,1.0,1.0,1.0,0.0,0.0,0.0,-9.999999747378752e-05,0.0,0.0,0.0,0.0,0.0,1.0,0.0,0.0,0.0,0.0,0.0,0.0,0.0,0.0,0.0
1702028664636418055,0,0,124279,124278,4.956999778747559,1.0,1.0,1.0,0.0,0.0,0.0,-9.999999747378752e-05,0.0,0.0,0.0,0.0,0.0,1.0,0.0,0.0,0.0,0.0,0.0,0.0,0.0,0.0,0.0,0,1,0.0430000014603138,-80.5,-76.5
1702028664656415564,0,0,124299,124298,4.956999778747559,1.0,1.0,1.0,0.0,0.0,0.0,-9.999999747378752e-05,0.0,0.0,0.0,0.0,0.0,1.0,0.0,0.0,0.0,0.0,0.0,0.0,0.0,0.0,0.0,0,1,0.07100000232458115,-81.0,-76.5
1702028664676377852,0,0,124319,124318,4.956999778747559,1.0,1.0,1.0,0.0,0.0,0.0,-9.999999747378752e-05,0.0,0.0,0.0,0.0,0.0,1.0,0.0,0.0,0.0,0.0,0.0,0.0,0.0,0.0,0.0,0,1,0.05000000074505806,-81.5,-76.5
1702028664696309763,0,0,124339,124338,4.956999778747559,1.0,1.0,1.0,0.0,0.0,0.0,-9.999999747378752e-05,0.0,0.0,0.0,0.0,0.0,1.0,0.0,0.0,0.0,0.0,0.0,0.0,0.0,0.0,0.0,0,1,0.028999999165534973,-82.5,-77.0
1702028664716268003,0,0,124359,124358,4.956999778747559,1.0,1.0,1.0,0.0,0.0,0.0,-9.999999747378752e-05,0.0,0.0,0.0,0.0,0.0,1.0,0.0,0.0,0.0,0.0,0.0,0.0,0.0,0.0,0.0,0,1,0.057999998331069946,-81.5,-77.0
1702028664736203444,0,0,124379,124378,4.956999778747559,1.0,1.0,1.0,0.0,0.0,0.0,-9.999999747378752e-05,0.0,0.0,0.0,0.0,0.0,1.0,0.0,0.0,0.0,0.0,0.0,0.0,0.0,0.0,0.0,0,1,0.07400000095367432,-81.5,-77.5
1702028664756220627,0,0,124399,124398,4.956999778747559,1.0,1.0,1.0,0.0,0.0,0.0,-9.999999747378752e-05,0.0,0.0,0.0,0.0,0.0,1.0,0.0,0.0,0.0,0.0,0.0,0.0,0.0,0.0,0.0,0,1,0.052000001072883606,-81.5,-77.0
1702028664776219112,0,0,124419,124418,4.956999778747559,1.0,1.0,1.0,0.0,0.0,0.0,-9.999999747378752e-05,0.0,0.0,0.0,0.0,0.0,1.0,0.0,0.0,0.0,0.0,0.0,0.0,0.0,0.0,0.0,0,1,0.02199999988079071,-80.5,-77.0
1702028664796316775,0,0,124439,124438,4.956999778747559,1.0,1.0,1.0,0.0,0.0,0.0,-9.999999747378752e-05,0.0,0.0,0.0,0.0,0.0,1.0,0.0,0.0,0.0,0.0,0.0,0.0,0.0,0.0,0.0
1702028664816216782,0,0,124459,124458,4.956999778747559,1.0,1.0,1.0,0.0,0.0,0.0,-9.999999747378752e-05,0.0,0.0,0.0,0.0,0.0,1.0,0.0,0.0,0.0,0.0,0.0,0.0,0.0,0.0,0.0,0,1,0.06800000369548798,-80.5,-76.5
1702028664836177003,0,0,124479,124478,4.956999778747559,1.0,1.0,1.0,0.0,0.0,0.0,-9.999999747378752e-05,0.0,0.0,0.0,0.0,0.0,1.0,0.0,0.0,0.0,0.0,0.0,0.0,0.0,0.0,0.0
1702028664856240009,0,0,124499,124498,4.956999778747559,1.0,1.0,1.0,0.0,0.0,0.0,-9.999999747378752e-05,0.0,0.0,0.0,0.0,0.0,1.0,0.0,0.0,0.0,0.0,0.0,0.0,0.0,0.0,0.0
1702028664876184369,0,0,124519,124518,4.956999778747559,1.0,1.0,1.0,0.0,0.0,0.0,-9.999999747378752e-05,0.0,0.0,0.0,0.0,0.0,1.0,0.0,0.0,0.0,0.0,0.0,0.0,0.0,0.0,0.0,0,1,0.06400000303983688,-80.5,-76.5
1702028664896198563,0,0,124539,124538,4.956999778747559,1.0,1.0,1.0,0.0,0.0,0.0,-9.999999747378752e-05,0.0,0.0,0.0,0.0,0.0,1.0,0.0,0.0,0.0,0.0,0.0,0.0,0.0,0.0,0.0
1702028664916305764,0,0,124559,124558,4.956999778747559,1.0,1.0,1.0,0.0,0.0,0.0,-9.999999747378752e-05,0.0,0.0,0.0,0.0,0.0,1.0,0.0,0.0,0.0,0.0,0.0,0.0,0.0,0.0,0.0
1702028664936421786,0,0,124579,124578,4.954999923706055,1.0,1.0,1.0,0.0,0.0,0.0,-9.999999747378752e-05,0.0,0.0,0.0,0.0,0.0,1.0,0.0,0.0,0.0,0.0,0.0,0.0,0.0,0.0,0.0,0,1,0.04899999871850014,-80.5,-76.5
1702028664956403058,0,0,124599,124598,4.954999923706055,1.0,1.0,1.0,0.0,0.0,0.0,-9.999999747378752e-05,0.0,0.0,0.0,0.0,0.0,1.0,0.0,0.0,0.0,0.0,0.0,0.0,0.0,0.0,0.0,0,1,0.05400000140070915,-81.0,-76.5
1702028664976436684,0,0,124619,124618,4.954999923706055,1.0,1.0,1.0,0.0,0.0,0.0,-9.999999747378752e-05,0.0,0.0,0.0,0.0,0.0,1.0,0.0,0.0,0.0,0.0,0.0,0.0,0.0,0.0,0.0,0,1,0.054999999701976776,-81.5,-76.5
1702028664996423854,0,0,124639,124638,4.954999923706055,1.0,1.0,1.0,0.0,0.0,0.0,-9.999999747378752e-05,0.0,0.0,0.0,0.0,0.0,1.0,0.0,0.0,0.0,0.0,0.0,0.0,0.0,0.0,0.0,0,1,0.010999999940395355,-81.0,-77.0
1702028665016409156,0,0,124659,124658,4.954999923706055,1.0,1.0,1.0,0.0,0.0,0.0,-9.999999747378752e-05,0.0,0.0,0.0,0.0,0.0,1.0,0.0,0.0,0.0,0.0,0.0,0.0,0.0,0.0,0.0
1702028665036387901,0,0,124679,124678,4.954999923706055,1.0,1.0,1.0,0.0,0.0,0.0,-9.999999747378752e-05,0.0,0.0,0.0,0.0,0.0,1.0,0.0,0.0,0.0,0.0,0.0,0.0,0.0,0.0,0.0,0,1,0.052000001072883606,-81.5,-76.5
1702028665056366626,0,0,124699,124698,4.956999778747559,1.0,1.0,1.0,0.0,0.0,0.0,-9.999999747378752e-05,0.0,0.0,0.0,0.0,0.0,1.0,0.0,0.0,0.0,0.0,0.0,0.0,0.0,0.0,0.0
1702028665076452325,0,0,124719,124718,4.956999778747559,1.0,1.0,1.0,0.0,0.0,0.0,-9.999999747378752e-05,0.0,0.0,0.0,0.0,0.0,1.0,0.0,0.0,0.0,0.0,0.0,0.0,0.0,0.0,0.0,0,1,0.05000000074505806,-81.5,-77.0
1702028665096412851,0,0,124739,124738,4.956999778747559,1.0,1.0,1.0,0.0,0.0,0.0,-9.999999747378752e-05,0.0,0.0,0.0,0.0,0.0,1.0,0.0,0.0,0.0,0.0,0.0,0.0,0.0,0.0,0.0,0,1,0.04100000113248825,-81.5,-77.5
1702028665116410579,0,0,124759,124758,4.956999778747559,1.0,1.0,1.0,0.0,0.0,0.0,-9.999999747378752e-05,0.0,0.0,0.0,0.0,0.0,1.0,0.0,0.0,0.0,0.0,0.0,0.0,0.0,0.0,0.0,0,1,0.05999999865889549,-80.5,-77.0
1702028665136342519,0,0,124779,124778,4.956999778747559,1.0,1.0,1.0,0.0,0.0,0.0,-9.999999747378752e-05,0.0,0.0,0.0,0.0,0.0,1.0,0.0,0.0,0.0,0.0,0.0,0.0,0.0,0.0,0.0
1702028665156317617,0,0,124799,124798,4.956999778747559,1.0,1.0,1.0,0.0,0.0,0.0,-9.999999747378752e-05,0.0,0.0,0.0,0.0,0.0,1.0,0.0,0.0,0.0,0.0,0.0,0.0,0.0,0.0,0.0
1702028665176287767,0,0,124819,124818,4.954999923706055,1.0,1.0,1.0,0.0,0.0,0.0,-9.999999747378752e-05,0.0,0.0,0.0,0.0,0.0,1.0,0.0,0.0,0.0,0.0,0.0,0.0,0.0,0.0,0.0
