%time,field.role,field.id,field.local_time,field.system_time,field.voltage,field.pos_3d0,field.pos_3d1,field.pos_3d2,field.eop_3d0,field.eop_3d1,field.eop_3d2,field.vel_3d0,field.vel_3d1,field.vel_3d2,field.angle_3d0,field.angle_3d1,field.angle_3d2,field.quaternion0,field.quaternion1,field.quaternion2,field.quaternion3,field.imu_gyro_3d0,field.imu_gyro_3d1,field.imu_gyro_3d2,field.imu_acc_3d0,field.imu_acc_3d1,field.imu_acc_3d2,field.nodes0.role,field.nodes0.id,field.nodes0.dis,field.nodes0.fp_rssi,field.nodes0.rx_rssi
1703250046206678562,0,0,489654,489638,4.942999839782715,1.0,1.0,1.0,0.0,0.0,0.0,-9.999999747378752e-05,0.0,0.0,0.0,0.0,0.0,1.0,0.0,0.0,0.0,0.0,0.0,0.0,0.0,0.0,0.0,0,1,0.04399999976158142,-81.5,-77.5
1703250046226338468,0,0,489674,489658,4.942999839782715,1.0,1.0,1.0,0.0,0.0,0.0,-9.999999747378752e-05,0.0,0.0,0.0,0.0,0.0,1.0,0.0,0.0,0.0,0.0,0.0,0.0,0.0,0.0,0.0,0,1,0.09700000286102295,-81.0,-77.0
1703250046246332657,0,0,489694,489678,4.942999839782715,1.0,1.0,1.0,0.0,0.0,0.0,-9.999999747378752e-05,0.0,0.0,0.0,0.0,0.0,1.0,0.0,0.0,0.0,0.0,0.0,0.0,0.0,0.0,0.0,0,1,0.08500000089406967,-81.5,-77.0
1703250046266748646,0,0,489714,489698,4.942999839782715,1.0,1.0,1.0,0.0,0.0,0.0,-9.999999747378752e-05,0.0,0.0,0.0,0.0,0.0,1.0,0.0,0.0,0.0,0.0,0.0,0.0,0.0,0.0,0.0,0,1,0.0430000014603138,-81.0,-77.5
1703250046286499701,0,0,489734,489718,4.942999839782715,1.0,1.0,1.0,0.0,0.0,0.0,-9.999999747378752e-05,0.0,0.0,0.0,0.0,0.0,1.0,0.0,0.0,0.0,0.0,0.0,0.0,0.0,0.0,0.0,0,1,0.06400000303983688,-82.0,-77.5
1703250046305306578,0,0,489754,489738,4.942999839782715,1.0,1.0,1.0,0.0,0.0,0.0,-9.999999747378752e-05,0.0,0.0,0.0,0.0,0.0,1.0,0.0,0.0,0.0,0.0,0.0,0.0,0.0,0.0,0.0
1703250046325395338,0,0,489774,489758,4.942999839782715,1.0,1.0,1.0,0.0,0.0,0.0,-9.999999747378752e-05,0.0,0.0,0.0,0.0,0.0,1.0,0.0,0.0,0.0,0.0,0.0,0.0,0.0,0.0,0.0
1703250046346204071,0,0,489794,489778,4.942999839782715,1.0,1.0,1.0,0.0,0.0,0.0,-9.999999747378752e-05,0.0,0.0,0.0,0.0,0.0,1.0,0.0,0.0,0.0,0.0,0.0,0.0,0.0,0.0,0.0,0,1,0.07100000232458115,-81.0,-76.0
1703250046366335228,0,0,489814,489798,4.942999839782715,1.0,1.0,1.0,0.0,0.0,0.0,-9.999999747378752e-05,0.0,0.0,0.0,0.0,0.0,1.0,0.0,0.0,0.0,0.0,0.0,0.0,0.0,0.0,0.0,0,1,0.05999999865889549,-80.5,-76.5
1703250046386775943,0,0,489834,489818,4.942999839782715,1.0,1.0,1.0,0.0,0.0,0.0,-9.999999747378752e-05,0.0,0.0,0.0,0.0,0.0,1.0,0.0,0.0,0.0,0.0,0.0,0.0,0.0,0.0,0.0,0,1,0.02500000037252903,-82.0,-77.0
1703250046406305236,0,0,489854,489838,4.939000129699707,1.0,1.0,1.0,0.0,0.0,0.0,-9.999999747378752e-05,0.0,0.0,0.0,0.0,0.0,1.0,0.0,0.0,0.0,0.0,0.0,0.0,0.0,0.0,0.0,0,1,0.032999999821186066,-81.5,-77.5
1703250046426354464,0,0,489874,489858,4.939000129699707,1.0,1.0,1.0,0.0,0.0,0.0,-9.999999747378752e-05,0.0,0.0,0.0,0.0,0.0,1.0,0.0,0.0,0.0,0.0,0.0,0.0,0.0,0.0,0.0,0,1,0.0689999982714653,-80.5,-76.5
1703250046446414518,0,0,489894,489878,4.939000129699707,1.0,1.0,1.0,0.0,0.0,0.0,-9.999999747378752e-05,0.0,0.0,0.0,0.0,0.0,1.0,0.0,0.0,0.0,0.0,0.0,0.0,0.0,0.0,0.0,0,1,0.04699999839067459,-81.5,-76.5
1703250046466378184,0,0,489914,489898,4.939000129699707,1.0,1.0,1.0,0.0,0.0,0.0,-9.999999747378752e-05,0.0,0.0,0.0,0.0,0.0,1.0,0.0,0.0,0.0,0.0,0.0,0.0,0.0,0.0,0.0,0,1,0.039000000804662704,-81.0,-77.0
1703250046486377681,0,0,489934,489918,4.939000129699707,1.0,1.0,1.0,0.0,0.0,0.0,-9.999999747378752e-05,0.0,0.0,0.0,0.0,0.0,1.0,0.0,0.0,0.0,0.0,0.0,0.0,0.0,0.0,0.0,0,1,0.05700000002980232,-81.0,-76.0
1703250046505346531,0,0,489954,489938,4.939000129699707,1.0,1.0,1.0,0.0,0.0,0.0,-9.999999747378752e-05,0.0,0.0,0.0,0.0,0.0,1.0,0.0,0.0,0.0,0.0,0.0,0.0,0.0,0.0,0.0
1703250046527040213,0,0,489974,489958,4.940999984741211,1.0,1.0,1.0,0.0,0.0,0.0,-9.999999747378752e-05,0.0,0.0,0.0,0.0,0.0,1.0,0.0,0.0,0.0,0.0,0.0,0.0,0.0,0.0,0.0,0,1,0.06300000101327896,-80.5,-76.5
1703250046545382823,0,0,489994,489978,4.940999984741211,1.0,1.0,1.0,0.0,0.0,0.0,-9.999999747378752e-05,0.0,0.0,0.0,0.0,0.0,1.0,0.0,0.0,0.0,0.0,0.0,0.0,0.0,0.0,0.0
1703250046566395925,0,0,490014,489998,4.940999984741211,1.0,1.0,1.0,0.0,0.0,0.0,-9.999999747378752e-05,0.0,0.0,0.0,0.0,0.0,1.0,0.0,0.0,0.0,0.0,0.0,0.0,0.0,0.0,0.0,0,1,0.06300000101327896,-81.5,-77.0
1703250046586572482,0,0,490034,490018,4.940999984741211,1.0,1.0,1.0,0.0,0.0,0.0,-9.999999747378752e-05,0.0,0.0,0.0,0.0,0.0,1.0,0.0,0.0,0.0,0.0,0.0,0.0,0.0,0.0,0.0,0,1,0.0860000029206276,-81.0,-76.5
1703250046606409308,0,0,490054,490038,4.940999984741211,1.0,1.0,1.0,0.0,0.0,0.0,-9.999999747378752e-05,0.0,0.0,0.0,0.0,0.0,1.0,0.0,0.0,0.0,0.0,0.0,0.0,0.0,0.0,0.0
1703250046626352370,0,0,490074,490058,4.940999984741211,1.0,1.0,1.0,0.0,0.0,0.0,-9.999999747378752e-05,0.0,0.0,0.0,0.0,0.0,1.0,0.0,0.0,0.0,0.0,0.0,0.0,0.0,0.0,0.0,0,1,0.06300000101327896,-80.5,-77.0
1703250046645401612,0,0,490094,490078,4.942999839782715,1.0,1.0,1.0,0.0,0.0,0.0,-9.999999747378752e-05,0.0,0.0,0.0,0.0,0.0,1.0,0.0,0.0,0.0,0.0,0.0,0.0,0.0,0.0,0.0
1703250046666406403,0,0,490114,490098,4.942999839782715,1.0,1.0,1.0,0.0,0.0,0.0,-9.999999747378752e-05,0.0,0.0,0.0,0.0,0.0,1.0,0.0,0.0,0.0,0.0,0.0,0.0,0.0,0.0,0.0,0,1,0.061000000685453415,-81.5,-76.5
1703250046686503266,0,0,490134,490118,4.942999839782715,1.0,1.0,1.0,0.0,0.0,0.0,-9.999999747378752e-05,0.0,0.0,0.0,0.0,0.0,1.0,0.0,0.0,0.0,0.0,0.0,0.0,0.0,0.0,0.0,0,1,0.054999999701976776,-81.5,-76.5
1703250046706605297,0,0,490154,490138,4.942999839782715,1.0,1.0,1.0,0.0,0.0,0.0,-9.999999747378752e-05,0.0,0.0,0.0,0.0,0.0,1.0,0.0,0.0,0.0,0.0,0.0,0.0,0.0,0.0,0.0,0,1,0.0689999982714653,-80.5,-76.0
1703250046726430458,0,0,490174,490158,4.942999839782715,1.0,1.0,1.0,0.0,0.0,0.0,-9.999999747378752e-05,0.0,0.0,0.0,0.0,0.0,1.0,0.0,0.0,0.0,0.0,0.0,0.0,0.0,0.0,0.0,0,1,0.052000001072883606,-81.5,-76.5
1703250046746428000,0,0,490194,490178,4.942999839782715,1.0,1.0,1.0,0.0,0.0,0.0,-9.999999747378752e-05,0.0,0.0,0.0,0.0,0.0,1.0,0.0,0.0,0.0,0.0,0.0,0.0,0.0,0.0,0.0,0,1,0.10000000149011612,-80.5,-76.5
1703250046766401864,0,0,490214,490198,4.940999984741211,1.0,1.0,1.0,0.0,0.0,0.0,-9.999999747378752e-05,0.0,0.0,0.0,0.0,0.0,1.0,0.0,0.0,0.0,0.0,0.0,0.0,0.0,0.0,0.0,0,1,0.03799999877810478,-81.5,-76.5
1703250046786430487,0,0,490234,490218,4.940999984741211,1.0,1.0,1.0,0.0,0.0,0.0,-9.999999747378752e-05,0.0,0.0,0.0,0.0,0.0,1.0,0.0,0.0,0.0,0.0,0.0,0.0,0.0,0.0,0.0,0,1,0.10499999672174454,-81.0,-76.5
1703250046807025281,0,0,490254,490238,4.940999984741211,1.0,1.0,1.0,0.0,0.0,0.0,-9.999999747378752e-05,0.0,0.0,0.0,0.0,0.0,1.0,0.0,0.0,0.0,0.0,0.0,0.0,0.0,0.0,0.0,0,1,0.05000000074505806,-81.0,-77.0
1703250046826371718,0,0,490274,490258,4.940999984741211,1.0,1.0,1.0,0.0,0.0,0.0,-9.999999747378752e-05,0.0,0.0,0.0,0.0,0.0,1.0,0.0,0.0,0.0,0.0,0.0,0.0,0.0,0.0,0.0,0,1,0.0820000022649765,-81.0,-76.5
1703250046846398036,0,0,490294,490278,4.940999984741211,1.0,1.0,1.0,0.0,0.0,0.0,-9.999999747378752e-05,0.0,0.0,0.0,0.0,0.0,1.0,0.0,0.0,0.0,0.0,0.0,0.0,0.0,0.0,0.0,0,1,0.07999999821186066,-80.0,-76.5
1703250046866412620,0,0,490314,490298,4.940999984741211,1.0,1.0,1.0,0.0,0.0,0.0,-9.999999747378752e-05,0.0,0.0,0.0,0.0,0.0,1.0,0.0,0.0,0.0,0.0,0.0,0.0,0.0,0.0,0.0
1703250046886570249,0,0,490334,490318,4.942999839782715,1.0,1.0,1.0,0.0,0.0,0.0,-9.999999747378752e-05,0.0,0.0,0.0,0.0,0.0,1.0,0.0,0.0,0.0,0.0,0.0,0.0,0.0,0.0,0.0,0,1,0.11100000143051147,-80.0,-76.5
1703250046906532868,0,0,490354,490338,4.942999839782715,1.0,1.0,1.0,0.0,0.0,0.0,-9.999999747378752e-05,0.0,0.0,0.0,0.0,0.0,1.0,0.0,0.0,0.0,0.0,0.0,0.0,0.0,0.0,0.0,0,1,0.05999999865889549,-81.0,-76.0
1703250046926829839,0,0,490374,490358,4.942999839782715,1.0,1.0,1.0,0.0,0.0,0.0,-9.999999747378752e-05,0.0,0.0,0.0,0.0,0.0,1.0,0.0,0.0,0.0,0.0,0.0,0.0,0.0,0.0,0.0
1703250046946518312,0,0,490394,490378,4.942999839782715,1.0,1.0,1.0,0.0,0.0,0.0,-9.999999747378752e-05,0.0,0.0,0.0,0.0,0.0,1.0,0.0,0.0,0.0,0.0,0.0,0.0,0.0,0.0,0.0,0,1,0.10899999737739563,-81.0,-76.5
1703250046966585071,0,0,490414,490398,4.942999839782715,1.0,1.0,1.0,0.0,0.0,0.0,-9.999999747378752e-05,0.0,0.0,0.0,0.0,0.0,1.0,0.0,0.0,0.0,0.0,0.0,0.0,0.0,0.0,0.0,0,1,0.10599999874830246,-81.5,-76.5
1703250046986467087,0,0,490434,490418,4.942999839782715,1.0,1.0,1.0,0.0,0.0,0.0,-9.999999747378752e-05,0.0,0.0,0.0,0.0,0.0,1.0,0.0,0.0,0.0,0.0,0.0,0.0,0.0,0.0,0.0,0,1,0.12999999523162842,-80.5,-76.5
1703250047006524905,0,0,490454,490438,4.942999839782715,1.0,1.0,1.0,0.0,0.0,0.0,-9.999999747378752e-05,0.0,0.0,0.0,0.0,0.0,1.0,0.0,0.0,0.0,0.0,0.0,0.0,0.0,0.0,0.0,0,1,0.09600000083446503,-81.0,-76.5
1703250047026598295,0,0,490474,490458,4.942999839782715,1.0,1.0,1.0,0.0,0.0,0.0,-9.999999747378752e-05,0.0,0.0,0.0,0.0,0.0,1.0,0.0,0.0,0.0,0.0,0.0,0.0,0.0,0.0,0.0,0,1,0.1459999978542328,-80.0,-76.0
1703250047046593178,0,0,490494,490478,4.942999839782715,1.0,1.0,1.0,0.0,0.0,0.0,-9.999999747378752e-05,0.0,0.0,0.0,0.0,0.0,1.0,0.0,0.0,0.0,0.0,0.0,0.0,0.0,0.0,0.0,0,1,0.1080000028014183,-81.0,-77.0
1703250047066393050,0,0,490514,490498,4.942999839782715,1.0,1.0,1.0,0.0,0.0,0.0,-9.999999747378752e-05,0.0,0.0,0.0,0.0,0.0,1.0,0.0,0.0,0.0,0.0,0.0,0.0,0.0,0.0,0.0,0,1,0.14900000393390656,-81.0,-76.5
1703250047086381088,0,0,490534,490518,4.942999839782715,1.0,1.0,1.0,0.0,0.0,0.0,-9.999999747378752e-05,0.0,0.0,0.0,0.0,0.0,1.0,0.0,0.0,0.0,0.0,0.0,0.0,0.0,0.0,0.0,0,1,0.15199999511241913,-80.5,-76.5
1703250047106396157,0,0,490554,490538,4.942999839782715,1.0,1.0,1.0,0.0,0.0,0.0,-9.999999747378752e-05,0.0,0.0,0.0,0.0,0.0,1.0,0.0,0.0,0.0,0.0,0.0,0.0,0.0,0.0,0.0,0,1,0.18700000643730164,-80.0,-77.0
1703250047126287528,0,0,490574,490558,4.943999767303467,1.0,1.0,1.0,0.0,0.0,0.0,-9.999999747378752e-05,0.0,0.0,0.0,0.0,0.0,1.0,0.0,0.0,0.0,0.0,0.0,0.0,0.0,0.0,0.0,0,1,0.13699999451637268,-81.5,-77.0
1703250047146474976,0,0,490594,490578,4.943999767303467,1.0,1.0,1.0,0.0,0.0,0.0,-9.999999747378752e-05,0.0,0.0,0.0,0.0,0.0,1.0,0.0,0.0,0.0,0.0,0.0,0.0,0.0,0.0,0.0,0,1,0.1379999965429306,-81.5,-76.5
1703250047166460709,0,0,490614,490598,4.943999767303467,1.0,1.0,1.0,0.0,0.0,0.0,-9.999999747378752e-05,0.0,0.0,0.0,0.0,0.0,1.0,0.0,0.0,0.0,0.0,0.0,0.0,0.0,0.0,0.0,0,1,0.1850000023841858,-80.0,-76.5
1703250047186383721,0,0,490634,490618,4.943999767303467,1.0,1.0,1.0,0.0,0.0,0.0,-9.999999747378752e-05,0.0,0.0,0.0,0.0,0.0,1.0,0.0,0.0,0.0,0.0,0.0,0.0,0.0,0.0,0.0,0,1,0.1550000011920929,-81.5,-77.0
1703250047206859563,0,0,490654,490638,4.943999767303467,1.0,1.0,1.0,0.0,0.0,0.0,-9.999999747378752e-05,0.0,0.0,0.0,0.0,0.0,1.0,0.0,0.0,0.0,0.0,0.0,0.0,0.0,0.0,0.0,0,1,0.23800000548362732,-80.0,-76.5
1703250047226462051,0,0,490674,490658,4.943999767303467,1.0,1.0,1.0,0.0,0.0,0.0,-9.999999747378752e-05,0.0,0.0,0.0,0.0,0.0,1.0,0.0,0.0,0.0,0.0,0.0,0.0,0.0,0.0,0.0,0,1,0.1809999942779541,-81.0,-77.0
1703250047246405388,0,0,490694,490678,4.939000129699707,1.0,1.0,1.0,0.0,0.0,0.0,-9.999999747378752e-05,0.0,0.0,0.0,0.0,0.0,1.0,0.0,0.0,0.0,0.0,0.0,0.0,0.0,0.0,0.0,0,1,0.24199999868869781,-81.0,-77.5
1703250047266817950,0,0,490714,490698,4.939000129699707,1.0,1.0,1.0,0.0,0.0,0.0,-9.999999747378752e-05,0.0,0.0,0.0,0.0,0.0,1.0,0.0,0.0,0.0,0.0,0.0,0.0,0.0,0.0,0.0,0,1,0.2160000056028366,-80.5,-76.5
1703250047286281374,0,0,490734,490718,4.939000129699707,1.0,1.0,1.0,0.0,0.0,0.0,-9.999999747378752e-05,0.0,0.0,0.0,0.0,0.0,1.0,0.0,0.0,0.0,0.0,0.0,0.0,0.0,0.0,0.0,0,1,0.2630000114440918,-80.5,-77.0
1703250047306314742,0,0,490754,490738,4.939000129699707,1.0,1.0,1.0,0.0,0.0,0.0,-9.999999747378752e-05,0.0,0.0,0.0,0.0,0.0,1.0,0.0,0.0,0.0,0.0,0.0,0.0,0.0,0.0,0.0,0,1,0.2150000035762787,-81.5,-76.5
1703250047326336167,0,0,490774,490758,4.939000129699707,1.0,1.0,1.0,0.0,0.0,0.0,-9.999999747378752e-05,0.0,0.0,0.0,0.0,0.0,1.0,0.0,0.0,0.0,0.0,0.0,0.0,0.0,0.0,0.0,0,1,0.25999999046325684,-81.5,-76.5
1703250047346276640,0,0,490794,490778,4.939000129699707,1.0,1.0,1.0,0.0,0.0,0.0,-9.999999747378752e-05,0.0,0.0,0.0,0.0,0.0,1.0,0.0,0.0,0.0,0.0,0.0,0.0,0.0,0.0,0.0,0,1,0.25200000405311584,-80.5,-76.5
1703250047366312452,0,0,490814,490798,4.940999984741211,1.0,1.0,1.0,0.0,0.0,0.0,-9.999999747378752e-05,0.0,0.0,0.0,0.0,0.0,1.0,0.0,0.0,0.0,0.0,0.0,0.0,0.0,0.0,0.0,0,1,0.24500000476837158,-81.0,-76.5
1703250047386637637,0,0,490834,490818,4.940999984741211,1.0,1.0,1.0,0.0,0.0,0.0,-9.999999747378752e-05,0.0,0.0,0.0,0.0,0.0,1.0,0.0,0.0,0.0,0.0,0.0,0.0,0.0,0.0,0.0,0,1,0.289000004529953,-80.5,-76.5
1703250047406293487,0,0,490854,490838,4.940999984741211,1.0,1.0,1.0,0.0,0.0,0.0,-9.999999747378752e-05,0.0,0.0,0.0,0.0,0.0,1.0,0.0,0.0,0.0,0.0,0.0,0.0,0.0,0.0,0.0,0,1,0.24199999868869781,-81.0,-77.0
1703250047426405572,0,0,490874,490858,4.940999984741211,1.0,1.0,1.0,0.0,0.0,0.0,-9.999999747378752e-05,0.0,0.0,0.0,0.0,0.0,1.0,0.0,0.0,0.0,0.0,0.0,0.0,0.0,0.0,0.0,0,1,0.3019999861717224,-81.5,-77.5
1703250047446378244,0,0,490894,490878,4.940999984741211,1.0,1.0,1.0,0.0,0.0,0.0,-9.999999747378752e-05,0.0,0.0,0.0,0.0,0.0,1.0,0.0,0.0,0.0,0.0,0.0,0.0,0.0,0.0,0.0,0,1,0.3019999861717224,-81.5,-77.5
1703250047466311522,0,0,490914,490898,4.940999984741211,1.0,1.0,1.0,0.0,0.0,0.0,-9.999999747378752e-05,0.0,0.0,0.0,0.0,0.0,1.0,0.0,0.0,0.0,0.0,0.0,0.0,0.0,0.0,0.0,0,1,0.27399998903274536,-82.0,-77.0
1703250047486887175,0,0,490934,490918,4.939000129699707,1.0,1.0,1.0,0.0,0.0,0.0,-9.999999747378752e-05,0.0,0.0,0.0,0.0,0.0,1.0,0.0,0.0,0.0,0.0,0.0,0.0,0.0,0.0,0.0,0,1,0.26899999380111694,-81.0,-76.5
1703250047506361216,0,0,490954,490938,4.939000129699707,1.0,1.0,1.0,0.0,0.0,0.0,-9.999999747378752e-05,0.0,0.0,0.0,0.0,0.0,1.0,0.0,0.0,0.0,0.0,0.0,0.0,0.0,0.0,0.0,0,1,0.24500000476837158,-81.5,-76.5
1703250047526821064,0,0,490974,490958,4.939000129699707,1.0,1.0,1.0,0.0,0.0,0.0,-9.999999747378752e-05,0.0,0.0,0.0,0.0,0.0,1.0,0.0,0.0,0.0,0.0,0.0,0.0,0.0,0.0,0.0,0,1,0.31299999356269836,-80.5,-77.0
1703250047546898295,0,0,490994,490978,4.939000129699707,1.0,1.0,1.0,0.0,0.0,0.0,-9.999999747378752e-05,0.0,0.0,0.0,0.0,0.0,1.0,0.0,0.0,0.0,0.0,0.0,0.0,0.0,0.0,0.0,0,1,0.26499998569488525,-80.5,-76.5
1703250047566356761,0,0,491014,490998,4.939000129699707,1.0,1.0,1.0,0.0,0.0,0.0,-9.999999747378752e-05,0.0,0.0,0.0,0.0,0.0,1.0,0.0,0.0,0.0,0.0,0.0,0.0,0.0,0.0,0.0,0,1,0.3089999854564667,-80.0,-76.5
1703250047586907199,0,0,491034,491018,4.939000129699707,1.0,1.0,1.0,0.0,0.0,0.0,-9.999999747378752e-05,0.0,0.0,0.0,0.0,0.0,1.0,0.0,0.0,0.0,0.0,0.0,0.0,0.0,0.0,0.0,0,1,0.29600000381469727,-80.5,-77.0
1703250047607100654,0,0,491054,491038,4.942999839782715,1.0,1.0,1.0,0.0,0.0,0.0,-9.999999747378752e-05,0.0,0.0,0.0,0.0,0.0,1.0,0.0,0.0,0.0,0.0,0.0,0.0,0.0,0.0,0.0,0,1,0.2849999964237213,-81.0,-77.0
1703250047626328628,0,0,491074,491058,4.942999839782715,1.0,1.0,1.0,0.0,0.0,0.0,-9.999999747378752e-05,0.0,0.0,0.0,0.0,0.0,1.0,0.0,0.0,0.0,0.0,0.0,0.0,0.0,0.0,0.0,0,1,0.34599998593330383,-80.0,-77.0
1703250047646463691,0,0,491094,491078,4.942999839782715,1.0,1.0,1.0,0.0,0.0,0.0,-9.999999747378752e-05,0.0,0.0,0.0,0.0,0.0,1.0,0.0,0.0,0.0,0.0,0.0,0.0,0.0,0.0,0.0,0,1,0.24199999868869781,-80.5,-76.5
1703250047666375178,0,0,491114,491098,4.942999839782715,1.0,1.0,1.0,0.0,0.0,0.0,-9.999999747378752e-05,0.0,0.0,0.0,0.0,0.0,1.0,0.0,0.0,0.0,0.0,0.0,0.0,0.0,0.0,0.0,0,1,0.29899999499320984,-80.5,-76.5
1703250047686306990,0,0,491134,491118,4.942999839782715,1.0,1.0,1.0,0.0,0.0,0.0,-9.999999747378752e-05,0.0,0.0,0.0,0.0,0.0,1.0,0.0,0.0,0.0,0.0,0.0,0.0,0.0,0.0,0.0,0,1,0.3700000047683716,-80.5,-77.0
1703250047706247114,0,0,491154,491138,4.942999839782715,1.0,1.0,1.0,0.0,0.0,0.0,-9.999999747378752e-05,0.0,0.0,0.0,0.0,0.0,1.0,0.0,0.0,0.0,0.0,0.0,0.0,0.0,0.0,0.0,0,1,0.3630000054836273,-80.0,-76.5
1703250047726518657,0,0,491174,491158,4.939000129699707,1.0,1.0,1.0,0.0,0.0,0.0,-9.999999747378752e-05,0.0,0.0,0.0,0.0,0.0,1.0,0.0,0.0,0.0,0.0,0.0,0.0,0.0,0.0,0.0,0,1,0.34200000762939453,-80.5,-76.5
1703250047746406675,0,0,491194,491178,4.939000129699707,1.0,1.0,1.0,0.0,0.0,0.0,-9.999999747378752e-05,0.0,0.0,0.0,0.0,0.0,1.0,0.0,0.0,0.0,0.0,0.0,0.0,0.0,0.0,0.0,0,1,0.3109999895095825,-81.0,-76.5
1703250047766518830,0,0,491214,491198,4.939000129699707,1.0,1.0,1.0,0.0,0.0,0.0,-9.999999747378752e-05,0.0,0.0,0.0,0.0,0.0,1.0,0.0,0.0,0.0,0.0,0.0,0.0,0.0,0.0,0.0,0,1,0.3440000116825104,-80.0,-76.5
1703250047786268274,0,0,491234,491218,4.939000129699707,1.0,1.0,1.0,0.0,0.0,0.0,-9.999999747378752e-05,0.0,0.0,0.0,0.0,0.0,1.0,0.0,0.0,0.0,0.0,0.0,0.0,0.0,0.0,0.0,0,1,0.27399998903274536,-80.5,-76.5
1703250047806430438,0,0,491254,491238,4.939000129699707,1.0,1.0,1.0,0.0,0.0,0.0,-9.999999747378752e-05,0.0,0.0,0.0,0.0,0.0,1.0,0.0,0.0,0.0,0.0,0.0,0.0,0.0,0.0,0.0,0,1,0.39100000262260437,-80.0,-77.0
1703250047826320761,0,0,491274,491258,4.939000129699707,1.0,1.0,1.0,0.0,0.0,0.0,-9.999999747378752e-05,0.0,0.0,0.0,0.0,0.0,1.0,0.0,0.0,0.0,0.0,0.0,0.0,0.0,0.0,0.0,0,1,0.38600000739097595,-81.5,-77.0
1703250047846411892,0,0,491294,491278,4.940999984741211,1.0,1.0,1.0,0.0,0.0,0.0,-9.999999747378752e-05,0.0,0.0,0.0,0.0,0.0,1.0,0.0,0.0,0.0,0.0,0.0,0.0,0.0,0.0,0.0,0,1,0.39800000190734863,-82.5,-77.0
1703250047866960584,0,0,491314,491298,4.940999984741211,1.0,1.0,1.0,0.0,0.0,0.0,-9.999999747378752e-05,0.0,0.0,0.0,0.0,0.0,1.0,0.0,0.0,0.0,0.0,0.0,0.0,0.0,0.0,0.0,0,1,0.3930000066757202,-80.5,-77.0
1703250047886429037,0,0,491334,491318,4.940999984741211,1.0,1.0,1.0,0.0,0.0,0.0,-9.999999747378752e-05,0.0,0.0,0.0,0.0,0.0,1.0,0.0,0.0,0.0,0.0,0.0,0.0,0.0,0.0,0.0,0,1,0.3529999852180481,-81.0,-76.5
1703250047906451998,0,0,491354,491338,4.940999984741211,1.0,1.0,1.0,0.0,0.0,0.0,-9.999999747378752e-05,0.0,0.0,0.0,0.0,0.0,1.0,0.0,0.0,0.0,0.0,0.0,0.0,0.0,0.0,0.0,0,1,0.4050000011920929,-80.5,-76.5
1703250047926342601,0,0,491374,491358,4.940999984741211,1.0,1.0,1.0,0.0,0.0,0.0,-9.999999747378752e-05,0.0,0.0,0.0,0.0,0.0,1.0,0.0,0.0,0.0,0.0,0.0,0.0,0.0,0.0,0.0,0,1,0.38600000739097595,-81.0,-76.5
1703250047947083579,0,0,491394,491378,4.940999984741211,1.0,1.0,1.0,0.0,0.0,0.0,-9.999999747378752e-05,0.0,0.0,0.0,0.0,0.0,1.0,0.0,0.0,0.0,0.0,0.0,0.0,0.0,0.0,0.0,0,1,0.4050000011920929,-80.0,-76.5
1703250047966500905,0,0,491414,491398,4.939000129699707,1.0,1.0,1.0,0.0,0.0,0.0,-9.999999747378752e-05,0.0,0.0,0.0,0.0,0.0,1.0,0.0,0.0,0.0,0.0,0.0,0.0,0.0,0.0,0.0,0,1,0.4000000059604645,-81.5,-77.0
1703250047986391787,0,0,491434,491418,4.939000129699707,1.0,1.0,1.0,0.0,0.0,0.0,-9.999999747378752e-05,0.0,0.0,0.0,0.0,0.0,1.0,0.0,0.0,0.0,0.0,0.0,0.0,0.0,0.0,0.0,0,1,0.37700000405311584,-81.0,-76.5
1703250048006444292,0,0,491454,491438,4.939000129699707,1.0,1.0,1.0,0.0,0.0,0.0,-9.999999747378752e-05,0.0,0.0,0.0,0.0,0.0,1.0,0.0,0.0,0.0,0.0,0.0,0.0,0.0,0.0,0.0,0,1,0.414000004529953,-81.0,-77.0
1703250048026421011,0,0,491474,491458,4.939000129699707,1.0,1.0,1.0,0.0,0.0,0.0,-9.999999747378752e-05,0.0,0.0,0.0,0.0,0.0,1.0,0.0,0.0,0.0,0.0,0.0,0.0,0.0,0.0,0.0,0,1,0.38100001215934753,-80.5,-76.5
1703250048046416239,0,0,491494,491478,4.939000129699707,1.0,1.0,1.0,0.0,0.0,0.0,-9.999999747378752e-05,0.0,0.0,0.0,0.0,0.0,1.0,0.0,0.0,0.0,0.0,0.0,0.0,0.0,0.0,0.0,0,1,0.3790000081062317,-81.0,-77.0
1703250048066332401,0,0,491514,491498,4.939000129699707,1.0,1.0,1.0,0.0,0.0,0.0,-9.999999747378752e-05,0.0,0.0,0.0,0.0,0.0,1.0,0.0,0.0,0.0,0.0,0.0,0.0,0.0,0.0,0.0,0,1,0.3880000114440918,-80.5,-77.0
1703250048086419895,0,0,491534,491518,4.939000129699707,1.0,1.0,1.0,0.0,0.0,0.0,-9.999999747378752e-05,0.0,0.0,0.0,0.0,0.0,1.0,0.0,0.0,0.0,0.0,0.0,0.0,0.0,0.0,0.0,0,1,0.4350000023841858,-82.0,-77.0
1703250048106316640,0,0,491554,491538,4.939000129699707,1.0,1.0,1.0,0.0,0.0,0.0,-9.999999747378752e-05,0.0,0.0,0.0,0.0,0.0,1.0,0.0,0.0,0.0,0.0,0.0,0.0,0.0,0.0,0.0,0,1,0.3790000081062317,-80.5,-77.0
1703250048126436333,0,0,491574,491558,4.939000129699707,1.0,1.0,1.0,0.0,0.0,0.0,-9.999999747378752e-05,0.0,0.0,0.0,0.0,0.0,1.0,0.0,0.0,0.0,0.0,0.0,0.0,0.0,0.0,0.0,0,1,0.40700000524520874,-81.5,-77.0
1703250048146410118,0,0,491594,491578,4.939000129699707,1.0,1.0,1.0,0.0,0.0,0.0,-9.999999747378752e-05,0.0,0.0,0.0,0.0,0.0,1.0,0.0,0.0,0.0,0.0,0.0,0.0,0.0,0.0,0.0,0,1,0.43799999356269836,-80.0,-76.5
1703250048166430769,0,0,491614,491598,4.939000129699707,1.0,1.0,1.0,0.0,0.0,0.0,-9.999999747378752e-05,0.0,0.0,0.0,0.0,0.0,1.0,0.0,0.0,0.0,0.0,0.0,0.0,0.0,0.0,0.0,0,1,0.3319999873638153,-81.0,-76.5
1703250048186330797,0,0,491634,491618,4.939000129699707,1.0,1.0,1.0,0.0,0.0,0.0,-9.999999747378752e-05,0.0,0.0,0.0,0.0,0.0,1.0,0.0,0.0,0.0,0.0,0.0,0.0,0.0,0.0,0.0,0,1,0.4000000059604645,-81.0,-76.5
1703250048207007302,0,0,491654,491638,4.938000202178955,1.0,1.0,1.0,0.0,0.0,0.0,-9.999999747378752e-05,0.0,0.0,0.0,0.0,0.0,1.0,0.0,0.0,0.0,0.0,0.0,0.0,0.0,0.0,0.0,0,1,0.37400001287460327,-80.5,-76.5
1703250048226340111,0,0,491674,491658,4.938000202178955,1.0,1.0,1.0,0.0,0.0,0.0,-9.999999747378752e-05,0.0,0.0,0.0,0.0,0.0,1.0,0.0,0.0,0.0,0.0,0.0,0.0,0.0,0.0,0.0,0,1,0.3440000116825104,-81.5,-76.5
1703250048246421598,0,0,491694,491678,4.938000202178955,1.0,1.0,1.0,0.0,0.0,0.0,-9.999999747378752e-05,0.0,0.0,0.0,0.0,0.0,1.0,0.0,0.0,0.0,0.0,0.0,0.0,0.0,0.0,0.0,0,1,0.37700000405311584,-80.0,-76.5
1703250048266611836,0,0,491714,491698,4.938000202178955,1.0,1.0,1.0,0.0,0.0,0.0,-9.999999747378752e-05,0.0,0.0,0.0,0.0,0.0,1.0,0.0,0.0,0.0,0.0,0.0,0.0,0.0,0.0,0.0,0,1,0.39100000262260437,-81.5,-77.0
1703250048286333686,0,0,491734,491718,4.938000202178955,1.0,1.0,1.0,0.0,0.0,0.0,-9.999999747378752e-05,0.0,0.0,0.0,0.0,0.0,1.0,0.0,0.0,0.0,0.0,0.0,0.0,0.0,0.0,0.0,0,1,0.35100001096725464,-81.5,-76.5
1703250048306397153,0,0,491754,491738,4.938000202178955,1.0,1.0,1.0,0.0,0.0,0.0,-9.999999747378752e-05,0.0,0.0,0.0,0.0,0.0,1.0,0.0,0.0,0.0,0.0,0.0,0.0,0.0,0.0,0.0,0,1,0.4050000011920929,-80.0,-77.0
1703250048326411169,0,0,491774,491758,4.938000202178955,1.0,1.0,1.0,0.0,0.0,0.0,-9.999999747378752e-05,0.0,0.0,0.0,0.0,0.0,1.0,0.0,0.0,0.0,0.0,0.0,0.0,0.0,0.0,0.0,0,1,0.36000001430511475,-81.0,-76.5
1703250048346350101,0,0,491794,491778,4.938000202178955,1.0,1.0,1.0,0.0,0.0,0.0,-9.999999747378752e-05,0.0,0.0,0.0,0.0,0.0,1.0,0.0,0.0,0.0,0.0,0.0,0.0,0.0,0.0,0.0,0,1,0.4169999957084656,-80.0,-77.0
1703250048366949986,0,0,491814,491798,4.938000202178955,1.0,1.0,1.0,0.0,0.0,0.0,-9.999999747378752e-05,0.0,0.0,0.0,0.0,0.0,1.0,0.0,0.0,0.0,0.0,0.0,0.0,0.0,0.0,0.0,0,1,0.3490000069141388,-81.5,-76.5
1703250048386717655,0,0,491834,491818,4.938000202178955,1.0,1.0,1.0,0.0,0.0,0.0,-9.999999747378752e-05,0.0,0.0,0.0,0.0,0.0,1.0,0.0,0.0,0.0,0.0,0.0,0.0,0.0,0.0,0.0,0,1,0.4399999976158142,-80.0,-77.0
1703250048406436921,0,0,491854,491838,4.938000202178955,1.0,1.0,1.0,0.0,0.0,0.0,-9.999999747378752e-05,0.0,0.0,0.0,0.0,0.0,1.0,0.0,0.0,0.0,0.0,0.0,0.0,0.0,0.0,0.0,0,1,0.3440000116825104,-80.5,-77.0
1703250048426353851,0,0,491874,491858,4.938000202178955,1.0,1.0,1.0,0.0,0.0,0.0,-9.999999747378752e-05,0.0,0.0,0.0,0.0,0.0,1.0,0.0,0.0,0.0,0.0,0.0,0.0,0.0,0.0,0.0,0,1,0.3630000054836273,-82.0,-77.0
1703250048446491774,0,0,491894,491878,4.939000129699707,1.0,1.0,1.0,0.0,0.0,0.0,-9.999999747378752e-05,0.0,0.0,0.0,0.0,0.0,1.0,0.0,0.0,0.0,0.0,0.0,0.0,0.0,0.0,0.0,0,1,0.3720000088214874,-80.5,-77.0
1703250048466340395,0,0,491914,491898,4.939000129699707,1.0,1.0,1.0,0.0,0.0,0.0,-9.999999747378752e-05,0.0,0.0,0.0,0.0,0.0,1.0,0.0,0.0,0.0,0.0,0.0,0.0,0.0,0.0,0.0,0,1,0.44200000166893005,-81.5,-76.5
1703250048486444513,0,0,491934,491918,4.939000129699707,1.0,1.0,1.0,0.0,0.0,0.0,-9.999999747378752e-05,0.0,0.0,0.0,0.0,0.0,1.0,0.0,0.0,0.0,0.0,0.0,0.0,0.0,0.0,0.0,0,1,0.4000000059604645,-80.5,-76.5
1703250048506545068,0,0,491954,491938,4.939000129699707,1.0,1.0,1.0,0.0,0.0,0.0,-9.999999747378752e-05,0.0,0.0,0.0,0.0,0.0,1.0,0.0,0.0,0.0,0.0,0.0,0.0,0.0,0.0,0.0,0,1,0.4259999990463257,-80.5,-77.0
1703250048526300864,0,0,491974,491958,4.939000129699707,1.0,1.0,1.0,0.0,0.0,0.0,-9.999999747378752e-05,0.0,0.0,0.0,0.0,0.0,1.0,0.0,0.0,0.0,0.0,0.0,0.0,0.0,0.0,0.0,0,1,0.39100000262260437,-82.5,-77.0
1703250048546343936,0,0,491994,491978,4.939000129699707,1.0,1.0,1.0,0.0,0.0,0.0,-9.999999747378752e-05,0.0,0.0,0.0,0.0,0.0,1.0,0.0,0.0,0.0,0.0,0.0,0.0,0.0,0.0,0.0,0,1,0.43299999833106995,-80.0,-76.5
1703250048566390780,0,0,492014,491998,4.939000129699707,1.0,1.0,1.0,0.0,0.0,0.0,-9.999999747378752e-05,0.0,0.0,0.0,0.0,0.0,1.0,0.0,0.0,0.0,0.0,0.0,0.0,0.0,0.0,0.0,0,1,0.42800000309944153,-81.5,-77.0
1703250048586356533,0,0,492034,492018,4.939000129699707,1.0,1.0,1.0,0.0,0.0,0.0,-9.999999747378752e-05,0.0,0.0,0.0,0.0,0.0,1.0,0.0,0.0,0.0,0.0,0.0,0.0,0.0,0.0,0.0,0,1,0.44200000166893005,-80.0,-77.0
1703250048606320888,0,0,492054,492038,4.939000129699707,1.0,1.0,1.0,0.0,0.0,0.0,-9.999999747378752e-05,0.0,0.0,0.0,0.0,0.0,1.0,0.0,0.0,0.0,0.0,0.0,0.0,0.0,0.0,0.0,0,1,0.3959999978542328,-80.5,-76.5
1703250048626316745,0,0,492074,492058,4.939000129699707,1.0,1.0,1.0,0.0,0.0,0.0,-9.999999747378752e-05,0.0,0.0,0.0,0.0,0.0,1.0,0.0,0.0,0.0,0.0,0.0,0.0,0.0,0.0,0.0,0,1,0.4189999997615814,-82.0,-77.5
1703250048646277259,0,0,492094,492078,4.939000129699707,1.0,1.0,1.0,0.0,0.0,0.0,-9.999999747378752e-05,0.0,0.0,0.0,0.0,0.0,1.0,0.0,0.0,0.0,0.0,0.0,0.0,0.0,0.0,0.0,0,1,0.3790000081062317,-81.0,-77.0
1703250048666314464,0,0,492114,492098,4.939000129699707,1.0,1.0,1.0,0.0,0.0,0.0,-9.999999747378752e-05,0.0,0.0,0.0,0.0,0.0,1.0,0.0,0.0,0.0,0.0,0.0,0.0,0.0,0.0,0.0,0,1,0.44699999690055847,-81.5,-77.5
1703250048686314371,0,0,492134,492118,4.939000129699707,1.0,1.0,1.0,0.0,0.0,0.0,-9.999999747378752e-05,0.0,0.0,0.0,0.0,0.0,1.0,0.0,0.0,0.0,0.0,0.0,0.0,0.0,0.0,0.0,0,1,0.44699999690055847,-81.0,-78.0
1703250048706386010,0,0,492154,492138,4.939000129699707,1.0,1.0,1.0,0.0,0.0,0.0,-9.999999747378752e-05,0.0,0.0,0.0,0.0,0.0,1.0,0.0,0.0,0.0,0.0,0.0,0.0,0.0,0.0,0.0,0,1,0.49399998784065247,-81.0,-78.0
1703250048726352042,0,0,492174,492158,4.939000129699707,1.0,1.0,1.0,0.0,0.0,0.0,-9.999999747378752e-05,0.0,0.0,0.0,0.0,0.0,1.0,0.0,0.0,0.0,0.0,0.0,0.0,0.0,0.0,0.0,0,1,0.4350000023841858,-81.0,-78.0
1703250048746532292,0,0,492194,492178,4.939000129699707,1.0,1.0,1.0,0.0,0.0,0.0,-9.999999747378752e-05,0.0,0.0,0.0,0.0,0.0,1.0,0.0,0.0,0.0,0.0,0.0,0.0,0.0,0.0,0.0,0,1,0.47099998593330383,-80.5,-77.5
1703250048766383567,0,0,492214,492198,4.939000129699707,1.0,1.0,1.0,0.0,0.0,0.0,-9.999999747378752e-05,0.0,0.0,0.0,0.0,0.0,1.0,0.0,0.0,0.0,0.0,0.0,0.0,0.0,0.0,0.0,0,1,0.42100000381469727,-82.0,-77.5
1703250048786362102,0,0,492234,492218,4.939000129699707,1.0,1.0,1.0,0.0,0.0,0.0,-9.999999747378752e-05,0.0,0.0,0.0,0.0,0.0,1.0,0.0,0.0,0.0,0.0,0.0,0.0,0.0,0.0,0.0,0,1,0.460999995470047,-81.0,-78.0
1703250048806671427,0,0,492254,492238,4.940999984741211,1.0,1.0,1.0,0.0,0.0,0.0,-9.999999747378752e-05,0.0,0.0,0.0,0.0,0.0,1.0,0.0,0.0,0.0,0.0,0.0,0.0,0.0,0.0,0.0,0,1,0.44200000166893005,-81.0,-77.5
1703250048826409132,0,0,492274,492258,4.940999984741211,1.0,1.0,1.0,0.0,0.0,0.0,-9.999999747378752e-05,0.0,0.0,0.0,0.0,0.0,1.0,0.0,0.0,0.0,0.0,0.0,0.0,0.0,0.0,0.0,0,1,0.4749999940395355,-81.5,-77.5
1703250048846404430,0,0,492294,492278,4.940999984741211,1.0,1.0,1.0,0.0,0.0,0.0,-9.999999747378752e-05,0.0,0.0,0.0,0.0,0.0,1.0,0.0,0.0,0.0,0.0,0.0,0.0,0.0,0.0,0.0,0,1,0.46399998664855957,-81.0,-77.5
1703250048866485149,0,0,492314,492298,4.940999984741211,1.0,1.0,1.0,0.0,0.0,0.0,-9.999999747378752e-05,0.0,0.0,0.0,0.0,0.0,1.0,0.0,0.0,0.0,0.0,0.0,0.0,0.0,0.0,0.0,0,1,0.460999995470047,-82.0,-78.0
1703250048886643467,0,0,492334,492318,4.940999984741211,1.0,1.0,1.0,0.0,0.0,0.0,-9.999999747378752e-05,0.0,0.0,0.0,0.0,0.0,1.0,0.0,0.0,0.0,0.0,0.0,0.0,0.0,0.0,0.0,0,1,0.44200000166893005,-81.5,-77.0
1703250048906433417,0,0,492354,492338,4.940999984741211,1.0,1.0,1.0,0.0,0.0,0.0,-9.999999747378752e-05,0.0,0.0,0.0,0.0,0.0,1.0,0.0,0.0,0.0,0.0,0.0,0.0,0.0,0.0,0.0,0,1,0.4490000009536743,-81.0,-77.5
1703250048926424035,0,0,492374,492358,4.938000202178955,1.0,1.0,1.0,0.0,0.0,0.0,-9.999999747378752e-05,0.0,0.0,0.0,0.0,0.0,1.0,0.0,0.0,0.0,0.0,0.0,0.0,0.0,0.0,0.0,0,1,0.42800000309944153,-82.0,-78.0
1703250048946488410,0,0,492394,492378,4.938000202178955,1.0,1.0,1.0,0.0,0.0,0.0,-9.999999747378752e-05,0.0,0.0,0.0,0.0,0.0,1.0,0.0,0.0,0.0,0.0,0.0,0.0,0.0,0.0,0.0,0,1,0.4350000023841858,-82.0,-78.5
1703250048966364620,0,0,492414,492398,4.938000202178955,1.0,1.0,1.0,0.0,0.0,0.0,-9.999999747378752e-05,0.0,0.0,0.0,0.0,0.0,1.0,0.0,0.0,0.0,0.0,0.0,0.0,0.0,0.0,0.0,0,1,0.4309999942779541,-81.0,-77.0
1703250048986348323,0,0,492434,492418,4.938000202178955,1.0,1.0,1.0,0.0,0.0,0.0,-9.999999747378752e-05,0.0,0.0,0.0,0.0,0.0,1.0,0.0,0.0,0.0,0.0,0.0,0.0,0.0,0.0,0.0,0,1,0.4519999921321869,-80.0,-77.5
1703250049006297242,0,0,492454,492438,4.938000202178955,1.0,1.0,1.0,0.0,0.0,0.0,-9.999999747378752e-05,0.0,0.0,0.0,0.0,0.0,1.0,0.0,0.0,0.0,0.0,0.0,0.0,0.0,0.0,0.0,0,1,0.44200000166893005,-81.0,-77.0
1703250049026286109,0,0,492474,492458,4.938000202178955,1.0,1.0,1.0,0.0,0.0,0.0,-9.999999747378752e-05,0.0,0.0,0.0,0.0,0.0,1.0,0.0,0.0,0.0,0.0,0.0,0.0,0.0,0.0,0.0,0,1,0.4050000011920929,-80.5,-77.0
1703250049046378279,0,0,492494,492478,4.938000202178955,1.0,1.0,1.0,0.0,0.0,0.0,-9.999999747378752e-05,0.0,0.0,0.0,0.0,0.0,1.0,0.0,0.0,0.0,0.0,0.0,0.0,0.0,0.0,0.0,0,1,0.414000004529953,-81.0,-78.0
1703250049066626973,0,0,492514,492498,4.938000202178955,1.0,1.0,1.0,0.0,0.0,0.0,-9.999999747378752e-05,0.0,0.0,0.0,0.0,0.0,1.0,0.0,0.0,0.0,0.0,0.0,0.0,0.0,0.0,0.0,0,1,0.4050000011920929,-82.0,-77.5
1703250049086312569,0,0,492534,492518,4.938000202178955,1.0,1.0,1.0,0.0,0.0,0.0,-9.999999747378752e-05,0.0,0.0,0.0,0.0,0.0,1.0,0.0,0.0,0.0,0.0,0.0,0.0,0.0,0.0,0.0,0,1,0.4399999976158142,-81.5,-77.5
1703250049106416542,0,0,492554,492538,4.938000202178955,1.0,1.0,1.0,0.0,0.0,0.0,-9.999999747378752e-05,0.0,0.0,0.0,0.0,0.0,1.0,0.0,0.0,0.0,0.0,0.0,0.0,0.0,0.0,0.0,0,1,0.34599998593330383,-81.0,-77.5
1703250049126387180,0,0,492574,492558,4.938000202178955,1.0,1.0,1.0,0.0,0.0,0.0,-9.999999747378752e-05,0.0,0.0,0.0,0.0,0.0,1.0,0.0,0.0,0.0,0.0,0.0,0.0,0.0,0.0,0.0,0,1,0.3720000088214874,-81.0,-77.5
1703250049146337632,0,0,492594,492578,4.938000202178955,1.0,1.0,1.0,0.0,0.0,0.0,-9.999999747378752e-05,0.0,0.0,0.0,0.0,0.0,1.0,0.0,0.0,0.0,0.0,0.0,0.0,0.0,0.0,0.0,0,1,0.36500000953674316,-80.5,-77.5
1703250049166581087,0,0,492614,492598,4.939000129699707,1.0,1.0,1.0,0.0,0.0,0.0,-9.999999747378752e-05,0.0,0.0,0.0,0.0,0.0,1.0,0.0,0.0,0.0,0.0,0.0,0.0,0.0,0.0,0.0,0,1,0.3490000069141388,-82.5,-78.0
1703250049186370544,0,0,492634,492618,4.939000129699707,1.0,1.0,1.0,0.0,0.0,0.0,-9.999999747378752e-05,0.0,0.0,0.0,0.0,0.0,1.0,0.0,0.0,0.0,0.0,0.0,0.0,0.0,0.0,0.0,0,1,0.3230000138282776,-82.5,-77.0
1703250049206562803,0,0,492654,492638,4.939000129699707,1.0,1.0,1.0,0.0,0.0,0.0,-9.999999747378752e-05,0.0,0.0,0.0,0.0,0.0,1.0,0.0,0.0,0.0,0.0,0.0,0.0,0.0,0.0,0.0,0,1,0.36000001430511475,-80.5,-76.5
1703250049226327115,0,0,492674,492658,4.939000129699707,1.0,1.0,1.0,0.0,0.0,0.0,-9.999999747378752e-05,0.0,0.0,0.0,0.0,0.0,1.0,0.0,0.0,0.0,0.0,0.0,0.0,0.0,0.0,0.0,0,1,0.2630000114440918,-80.5,-77.5
1703250049246352512,0,0,492694,492678,4.939000129699707,1.0,1.0,1.0,0.0,0.0,0.0,-9.999999747378752e-05,0.0,0.0,0.0,0.0,0.0,1.0,0.0,0.0,0.0,0.0,0.0,0.0,0.0,0.0,0.0,0,1,0.28700000047683716,-81.0,-77.0
1703250049266343335,0,0,492714,492698,4.939000129699707,1.0,1.0,1.0,0.0,0.0,0.0,-9.999999747378752e-05,0.0,0.0,0.0,0.0,0.0,1.0,0.0,0.0,0.0,0.0,0.0,0.0,0.0,0.0,0.0,0,1,0.3440000116825104,-80.5,-77.0
1703250049286281983,0,0,492734,492718,4.939000129699707,1.0,1.0,1.0,0.0,0.0,0.0,-9.999999747378752e-05,0.0,0.0,0.0,0.0,0.0,1.0,0.0,0.0,0.0,0.0,0.0,0.0,0.0,0.0,0.0,0,1,0.23800000548362732,-82.0,-77.0
1703250049306263935,0,0,492754,492738,4.939000129699707,1.0,1.0,1.0,0.0,0.0,0.0,-9.999999747378752e-05,0.0,0.0,0.0,0.0,0.0,1.0,0.0,0.0,0.0,0.0,0.0,0.0,0.0,0.0,0.0,0,1,0.22699999809265137,-80.0,-76.0
1703250049326488603,0,0,492774,492758,4.939000129699707,1.0,1.0,1.0,0.0,0.0,0.0,-9.999999747378752e-05,0.0,0.0,0.0,0.0,0.0,1.0,0.0,0.0,0.0,0.0,0.0,0.0,0.0,0.0,0.0,0,1,0.2070000022649765,-81.5,-76.5
1703250049346521543,0,0,492794,492778,4.939000129699707,1.0,1.0,1.0,0.0,0.0,0.0,-9.999999747378752e-05,0.0,0.0,0.0,0.0,0.0,1.0,0.0,0.0,0.0,0.0,0.0,0.0,0.0,0.0,0.0,0,1,0.2290000021457672,-80.5,-76.5
1703250049366408435,0,0,492814,492798,4.939000129699707,1.0,1.0,1.0,0.0,0.0,0.0,-9.999999747378752e-05,0.0,0.0,0.0,0.0,0.0,1.0,0.0,0.0,0.0,0.0,0.0,0.0,0.0,0.0,0.0,0,1,0.22699999809265137,-80.5,-76.5
1703250049386910041,0,0,492834,492818,4.939000129699707,1.0,1.0,1.0,0.0,0.0,0.0,-9.999999747378752e-05,0.0,0.0,0.0,0.0,0.0,1.0,0.0,0.0,0.0,0.0,0.0,0.0,0.0,0.0,0.0,0,1,0.24300000071525574,-81.0,-76.5
1703250049406385890,0,0,492854,492838,4.935999870300293,1.0,1.0,1.0,0.0,0.0,0.0,-9.999999747378752e-05,0.0,0.0,0.0,0.0,0.0,1.0,0.0,0.0,0.0,0.0,0.0,0.0,0.0,0.0,0.0,0,1,0.1940000057220459,-82.0,-77.0
1703250049426392149,0,0,492874,492858,4.935999870300293,1.0,1.0,1.0,0.0,0.0,0.0,-9.999999747378752e-05,0.0,0.0,0.0,0.0,0.0,1.0,0.0,0.0,0.0,0.0,0.0,0.0,0.0,0.0,0.0,0,1,0.18199999630451202,-80.0,-77.0
1703250049446344766,0,0,492894,492878,4.935999870300293,1.0,1.0,1.0,0.0,0.0,0.0,-9.999999747378752e-05,0.0,0.0,0.0,0.0,0.0,1.0,0.0,0.0,0.0,0.0,0.0,0.0,0.0,0.0,0.0,0,1,0.16899999976158142,-81.5,-77.0
1703250049466340548,0,0,492914,492898,4.935999870300293,1.0,1.0,1.0,0.0,0.0,0.0,-9.999999747378752e-05,0.0,0.0,0.0,0.0,0.0,1.0,0.0,0.0,0.0,0.0,0.0,0.0,0.0,0.0,0.0,0,1,0.14000000059604645,-82.5,-77.0
1703250049486368319,0,0,492934,492918,4.935999870300293,1.0,1.0,1.0,0.0,0.0,0.0,-9.999999747378752e-05,0.0,0.0,0.0,0.0,0.0,1.0,0.0,0.0,0.0,0.0,0.0,0.0,0.0,0.0,0.0,0,1,0.12099999934434891,-81.0,-77.5
1703250049506402656,0,0,492954,492938,4.935999870300293,1.0,1.0,1.0,0.0,0.0,0.0,-9.999999747378752e-05,0.0,0.0,0.0,0.0,0.0,1.0,0.0,0.0,0.0,0.0,0.0,0.0,0.0,0.0,0.0,0,1,0.08900000154972076,-82.0,-77.5
1703250049526446003,0,0,492974,492958,4.938000202178955,1.0,1.0,1.0,0.0,0.0,0.0,-9.999999747378752e-05,0.0,0.0,0.0,0.0,0.0,1.0,0.0,0.0,0.0,0.0,0.0,0.0,0.0,0.0,0.0,0,1,0.07699999958276749,-82.0,-77.0
1703250049546386188,0,0,492994,492978,4.938000202178955,1.0,1.0,1.0,0.0,0.0,0.0,-9.999999747378752e-05,0.0,0.0,0.0,0.0,0.0,1.0,0.0,0.0,0.0,0.0,0.0,0.0,0.0,0.0,0.0
1703250049566402085,0,0,493014,492998,4.938000202178955,1.0,1.0,1.0,0.0,0.0,0.0,-9.999999747378752e-05,0.0,0.0,0.0,0.0,0.0,1.0,0.0,0.0,0.0,0.0,0.0,0.0,0.0,0.0,0.0,0,1,0.09600000083446503,-80.5,-76.0
1703250049586414421,0,0,493034,493018,4.938000202178955,1.0,1.0,1.0,0.0,0.0,0.0,-9.999999747378752e-05,0.0,0.0,0.0,0.0,0.0,1.0,0.0,0.0,0.0,0.0,0.0,0.0,0.0,0.0,0.0,0,1,0.13300000131130219,-80.5,-76.5
1703250049606514553,0,0,493054,493038,4.938000202178955,1.0,1.0,1.0,0.0,0.0,0.0,-9.999999747378752e-05,0.0,0.0,0.0,0.0,0.0,1.0,0.0,0.0,0.0,0.0,0.0,0.0,0.0,0.0,0.0,0,1,0.0820000022649765,-81.5,-76.5
1703250049626367849,0,0,493074,493058,4.938000202178955,1.0,1.0,1.0,0.0,0.0,0.0,-9.999999747378752e-05,0.0,0.0,0.0,0.0,0.0,1.0,0.0,0.0,0.0,0.0,0.0,0.0,0.0,0.0,0.0,0,1,0.09600000083446503,-81.0,-76.5
1703250049646339673,0,0,493094,493078,4.935999870300293,1.0,1.0,1.0,0.0,0.0,0.0,-9.999999747378752e-05,0.0,0.0,0.0,0.0,0.0,1.0,0.0,0.0,0.0,0.0,0.0,0.0,0.0,0.0,0.0,0,1,0.08799999952316284,-80.0,-76.5
1703250049666345932,0,0,493114,493098,4.935999870300293,1.0,1.0,1.0,0.0,0.0,0.0,-9.999999747378752e-05,0.0,0.0,0.0,0.0,0.0,1.0,0.0,0.0,0.0,0.0,0.0,0.0,0.0,0.0,0.0,0,1,0.08799999952316284,-81.5,-77.0
1703250049686380060,0,0,493134,493118,4.935999870300293,1.0,1.0,1.0,0.0,0.0,0.0,-9.999999747378752e-05,0.0,0.0,0.0,0.0,0.0,1.0,0.0,0.0,0.0,0.0,0.0,0.0,0.0,0.0,0.0
1703250049706416073,0,0,493154,493138,4.935999870300293,1.0,1.0,1.0,0.0,0.0,0.0,-9.999999747378752e-05,0.0,0.0,0.0,0.0,0.0,1.0,0.0,0.0,0.0,0.0,0.0,0.0,0.0,0.0,0.0,0,1,0.039000000804662704,-81.0,-77.0
1703250049726569148,0,0,493174,493158,4.935999870300293,1.0,1.0,1.0,0.0,0.0,0.0,-9.999999747378752e-05,0.0,0.0,0.0,0.0,0.0,1.0,0.0,0.0,0.0,0.0,0.0,0.0,0.0,0.0,0.0,0,1,0.039000000804662704,-81.0,-76.5
1703250049746342960,0,0,493194,493178,4.935999870300293,1.0,1.0,1.0,0.0,0.0,0.0,-9.999999747378752e-05,0.0,0.0,0.0,0.0,0.0,1.0,0.0,0.0,0.0,0.0,0.0,0.0,0.0,0.0,0.0
1703250049766445536,0,0,493214,493198,4.935999870300293,1.0,1.0,1.0,0.0,0.0,0.0,-9.999999747378752e-05,0.0,0.0,0.0,0.0,0.0,1.0,0.0,0.0,0.0,0.0,0.0,0.0,0.0,0.0,0.0,0,1,0.06400000303983688,-81.5,-77.0
1703250049786433425,0,0,493234,493218,4.935999870300293,1.0,1.0,1.0,0.0,0.0,0.0,-9.999999747378752e-05,0.0,0.0,0.0,0.0,0.0,1.0,0.0,0.0,0.0,0.0,0.0,0.0,0.0,0.0,0.0
1703250049806627779,0,0,493254,493238,4.935999870300293,1.0,1.0,1.0,0.0,0.0,0.0,-9.999999747378752e-05,0.0,0.0,0.0,0.0,0.0,1.0,0.0,0.0,0.0,0.0,0.0,0.0,0.0,0.0,0.0,0,1,0.05999999865889549,-80.5,-76.5
1703250049826333491,0,0,493274,493258,4.935999870300293,1.0,1.0,1.0,0.0,0.0,0.0,-9.999999747378752e-05,0.0,0.0,0.0,0.0,0.0,1.0,0.0,0.0,0.0,0.0,0.0,0.0,0.0,0.0,0.0,0,1,0.09399999678134918,-81.5,-77.0
1703250049846734589,0,0,493294,493278,4.935999870300293,1.0,1.0,1.0,0.0,0.0,0.0,-9.999999747378752e-05,0.0,0.0,0.0,0.0,0.0,1.0,0.0,0.0,0.0,0.0,0.0,0.0,0.0,0.0,0.0,0,1,0.03799999877810478,-80.0,-76.5
1703250049866637685,0,0,493314,493298,4.935999870300293,1.0,1.0,1.0,0.0,0.0,0.0,-9.999999747378752e-05,0.0,0.0,0.0,0.0,0.0,1.0,0.0,0.0,0.0,0.0,0.0,0.0,0.0,0.0,0.0
1703250049886414361,0,0,493334,493318,4.939000129699707,1.0,1.0,1.0,0.0,0.0,0.0,-9.999999747378752e-05,0.0,0.0,0.0,0.0,0.0,1.0,0.0,0.0,0.0,0.0,0.0,0.0,0.0,0.0,0.0,0,1,0.020999999716877937,-81.5,-76.5
1703250049906357618,0,0,493354,493338,4.939000129699707,1.0,1.0,1.0,0.0,0.0,0.0,-9.999999747378752e-05,0.0,0.0,0.0,0.0,0.0,1.0,0.0,0.0,0.0,0.0,0.0,0.0,0.0,0.0,0.0
1703250049926412071,0,0,493374,493358,4.939000129699707,1.0,1.0,1.0,0.0,0.0,0.0,-9.999999747378752e-05,0.0,0.0,0.0,0.0,0.0,1.0,0.0,0.0,0.0,0.0,0.0,0.0,0.0,0.0,0.0
1703250049946441658,0,0,493394,493378,4.939000129699707,1.0,1.0,1.0,0.0,0.0,0.0,-9.999999747378752e-05,0.0,0.0,0.0,0.0,0.0,1.0,0.0,0.0,0.0,0.0,0.0,0.0,0.0,0.0,0.0
1703250049966441282,0,0,493414,493398,4.939000129699707,1.0,1.0,1.0,0.0,0.0,0.0,-9.999999747378752e-05,0.0,0.0,0.0,0.0,0.0,1.0,0.0,0.0,0.0,0.0,0.0,0.0,0.0,0.0,0.0,0,1,0.05400000140070915,-80.5,-76.5
